,index,datapoints [#],time [s],frequency [Hz],Z_real [Ohm],Z_imag [Ohm],Z_sig [V],Zmod [ohm],Z_phz [°C],I_DC [A],V_DC [V],IE_Range [#]
0,,1.0,50000.05,50097.65625,0.007483,0.00128,0.007592,9.706228,,,,
1,,2.0,44562.591469,44589.84375,0.007479,0.001114,0.007561,8.475539,,,,
2,,3.0,39716.451453,39785.15625,0.00744,0.000952,0.007501,7.29532,,,,
3,,4.0,35397.324616,35449.21875,0.007415,0.000786,0.007456,6.04973,,,,
4,,5.0,31547.898772,31582.03125,0.007399,0.000606,0.007424,4.68199,,,,
5,,6.0,28117.094377,28183.59375,0.007417,0.000426,0.007429,3.286763,,,,
6,,7.0,25059.386741,25136.71875,0.007472,0.000256,0.007476,1.962747,,,,
7,,8.0,22334.201942,22441.40625,0.007577,0.00013,0.007578,0.982188,,,,
8,,9.0,19905.378433,19980.46875,0.007639,4.663882e-05,0.00764,0.349789,,,,
9,,10.0,17740.687202,17753.90625,0.007696,-2.862526e-05,0.007696,-0.213112,,,,
10,,11.0,15811.404112,15878.90625,0.007756,-7.819779e-05,0.007757,-0.577615,,,,
11,,12.0,14091.928748,14121.09375,0.00781,-0.000125,0.007811,-0.913352,,,,
12,,13.0,12559.444717,12597.65625,0.007849,-0.00016,0.007851,-1.171126,,,,
13,,14.0,11193.616886,11168.981445,0.007891,-0.0002,0.007893,-1.454604,,,,
14,,15.0,9976.321551,10019.53125,0.007923,-0.000235,0.007927,-1.697851,,,,
15,,16.0,8891.405942,8854.166992,0.007958,-0.000268,0.007962,-1.92785,,,,
16,,17.0,7924.473887,7928.240723,0.007993,-0.000303,0.007998,-2.172294,,,,
17,,18.0,7062.694786,7089.84375,0.008009,-0.00033,0.008016,-2.360769,,,,
18,,19.0,6294.633354,6307.870605,0.008054,-0.000358,0.008062,-2.548415,,,,
19,,20.0,5610.097882,5613.425781,0.008087,-0.000388,0.008096,-2.746553,,,,
20,,21.0,5000.005,4973.323242,0.008124,-0.000419,0.008135,-2.955156,,,,
21,,22.0,4456.259147,4456.018555,0.008155,-0.000446,0.008168,-3.133658,,,,
22,,23.0,3971.645145,3993.055664,0.008185,-0.000474,0.008199,-3.314101,,,,
23,,24.0,3539.732462,3530.092529,0.00822,-0.000507,0.008236,-3.531939,,,,
24,,25.0,3154.789877,3144.054932,0.008253,-0.000541,0.008271,-3.748046,,,,
25,,26.0,2811.709438,2801.067139,0.00829,-0.000573,0.008309,-3.951906,,,,
26,,27.0,2505.938674,2519.53125,0.008324,-0.000605,0.008346,-4.157486,,,,
27,,28.0,2233.420194,2229.420654,0.008365,-0.000641,0.00839,-4.384628,,,,
28,,29.0,1990.537843,2000.762207,0.008404,-0.000679,0.008431,-4.618784,,,,
29,,30.0,1774.06872,1772.103638,0.008449,-0.00072,0.00848,-4.872818,,,,
30,,31.0,1581.140411,1582.03125,0.008495,-0.000762,0.008529,-5.126587,,,,
31,,32.0,1409.192875,1411.897583,0.008543,-0.000804,0.008581,-5.375942,,,,
32,,33.0,1255.944472,1253.633667,0.008597,-0.00085,0.008639,-5.644463,,,,
33,,34.0,1119.361689,1118.60791,0.008653,-0.000897,0.008699,-5.920584,,,,
34,,35.0,997.632155,1000.702271,0.008708,-0.000946,0.008759,-6.2032,,,,
35,,36.0,889.140594,885.416687,0.008779,-0.001005,0.008836,-6.528518,,,,
36,,37.0,792.447389,790.028076,0.008844,-0.001056,0.008907,-6.808774,,,,
37,,38.0,706.269479,708.575562,0.008915,-0.001109,0.008984,-7.090759,,,,
38,,39.0,629.463335,628.810974,0.008998,-0.001164,0.009073,-7.369514,,,,
39,,40.0,561.009788,560.461975,0.009077,-0.001212,0.009158,-7.603537,,,,
40,,41.0,500.0005,502.232147,0.009168,-0.001282,0.009257,-7.962683,,,,
41,,42.0,445.625915,444.078949,0.009268,-0.001348,0.009365,-8.274328,,,,
42,,43.0,397.164515,395.331329,0.009363,-0.001416,0.009469,-8.602688,,,,
43,,44.0,353.973246,352.822571,0.009483,-0.001468,0.009596,-8.797191,,,,
44,,45.0,315.478988,315.504822,0.009594,-0.001525,0.009715,-9.033222,,,,
45,,46.0,281.170944,282.379517,0.00971,-0.001582,0.009838,-9.255137,,,,
46,,47.0,250.593867,249.335114,0.009845,-0.001648,0.009982,-9.50275,,,,
47,,48.0,223.342019,223.214279,0.00999,-0.001696,0.010133,-9.635869,,,,
48,,49.0,199.053784,198.622879,0.010129,-0.001752,0.01028,-9.812785,,,,
49,,50.0,177.406872,177.556824,0.01028,-0.001794,0.010435,-9.901389,,,,
50,,51.0,158.114041,158.005615,0.010444,-0.001841,0.010605,-9.996307,,,,
51,,52.0,140.919287,140.625,0.010612,-0.001873,0.010776,-10.00915,,,,
52,,53.0,125.594447,125.558037,0.010783,-0.001894,0.010948,-9.963588,,,,
53,,54.0,111.936169,111.60714,0.010944,-0.001915,0.01111,-9.923636,,,,
54,,55.0,99.763216,99.734039,0.011109,-0.001905,0.011271,-9.730783,,,,
55,,56.0,88.914059,89.285713,0.011306,-0.00192,0.011468,-9.637884,,,,
56,,57.0,79.244739,79.44915,0.011473,-0.001886,0.011627,-9.332994,,,,
57,,58.0,70.626948,70.488724,0.011655,-0.001863,0.011803,-9.081982,,,,
58,,59.0,62.946334,62.919464,0.011848,-0.00182,0.011987,-8.732667,,,,
59,,60.0,56.100979,55.80357,0.012012,-0.001708,0.012133,-8.094629,,,,
60,,61.0,50.00005,49.86702,0.012191,-0.001738,0.012314,-8.115099,,,,
61,,62.0,44.562591,44.642857,0.012266,-0.001714,0.012385,-7.953906,,,,
62,,63.0,39.716451,39.724575,0.012441,-0.001594,0.012543,-7.302313,,,,
63,,64.0,35.397325,35.511364,0.012522,-0.00154,0.012617,-7.013167,,,,
64,,65.0,31.547899,31.459732,0.012646,-0.001456,0.012729,-6.565693,,,,
65,,66.0,28.117094,28.237951,0.012699,-0.001427,0.012779,-6.412294,,,,
66,,67.0,25.059387,24.93351,0.012795,-0.00138,0.012869,-6.15362,,,,
67,,68.0,22.334202,22.321428,0.012901,-0.001363,0.012973,-6.031859,,,,
68,,69.0,19.905378,19.862288,0.012973,-0.001281,0.013036,-5.640133,,,,
69,,70.0,17.740687,17.755682,0.013047,-0.001261,0.013108,-5.522057,,,,
70,,71.0,15.811404,15.782828,0.013102,-0.001172,0.013155,-5.110975,,,,
71,,72.0,14.091929,14.118976,0.013242,-0.001234,0.0133,-5.322691,,,,
72,,73.0,12.559445,12.600806,0.013212,-0.001143,0.013261,-4.944209,,,,
73,,74.0,11.193617,11.160714,0.01338,-0.001147,0.013429,-4.900549,,,,
74,,75.0,9.976322,9.973404,0.01348,-0.001081,0.013524,-4.584681,,,,
75,,76.0,8.891406,8.877841,0.013589,-0.001102,0.013633,-4.637571,,,,
76,,77.0,7.924474,7.878151,0.013714,-0.001159,0.013763,-4.83249,,,,
77,,78.0,7.062695,7.059488,0.013791,-0.001034,0.01383,-4.285767,,,,
78,,79.0,6.294633,6.2751,0.013894,-0.001003,0.01393,-4.130244,,,,
79,,80.0,5.610098,5.580357,0.014006,-0.000927,0.014037,-3.786338,,,,
80,,81.0,5.000005,5.013369,0.014019,-0.000912,0.014049,-3.723243,,,,
81,,82.0,4.456259,4.451567,0.014129,-0.000837,0.014154,-3.391871,,,,
82,,83.0,3.971645,3.985969,0.014223,-0.000807,0.014246,-3.248161,,,,
83,,84.0,3.539732,3.529744,0.01427,-0.000685,0.014286,-2.750104,,,,
84,,85.0,3.15479,3.13755,0.014252,-0.000548,0.014263,-2.203888,,,,
85,,86.0,2.811709,2.823795,0.014303,-0.000533,0.014313,-2.132137,,,,
86,,87.0,2.505939,2.516103,0.014325,-0.000487,0.014333,-1.947021,,,,
87,,88.0,2.23342,2.225784,0.014372,-0.000416,0.014378,-1.656869,,,,
88,,89.0,1.990538,1.99553,0.014382,-0.000233,0.014384,-0.927527,,,,
89,,90.0,1.774069,1.775568,0.014401,-0.000222,0.014403,-0.884962,,,,
90,,91.0,1.58114,1.583615,0.01442,-0.000157,0.014421,-0.625717,,,,
91,,92.0,1.409193,1.411472,0.014393,-8.399409e-05,0.014394,-0.33435,,,,
92,,93.0,1.255944,1.258052,0.014354,-2.96624e-05,0.014354,-0.118401,,,,
93,,94.0,1.119362,1.112892,0.014352,-1.987869e-05,0.014352,-0.079361,,,,
94,,95.0,0.997632,0.997765,0.014317,7.356935e-05,0.014317,0.294411,,,,
95,,96.0,0.889141,0.890313,0.014277,0.000112,0.014278,0.450681,,,,
96,,97.0,0.792447,0.792745,0.014234,0.00015,0.014235,0.602947,,,,
97,,98.0,0.706269,0.705736,0.01425,0.00016,0.01425,0.644969,,,,
98,,99.0,0.629463,0.63004,0.014183,0.000217,0.014185,0.877344,,,,
99,,100.0,0.56101,0.563401,0.014174,0.000243,0.014176,0.984057,,,,
100,,101.0,0.500001,0.500801,0.014116,0.000282,0.014119,1.143397,,,,
101,,102.0,0.445626,0.447281,0.014051,0.00032,0.014055,1.304298,,,,
102,,103.0,0.397165,0.398597,0.014046,0.000319,0.014049,1.299952,,,,
103,,104.0,0.353973,0.355114,0.01397,0.000377,0.013975,1.54517,,,,
104,,105.0,0.315479,0.316723,0.013953,0.000377,0.013958,1.545858,,,,
105,,106.0,0.281171,0.281701,0.013889,0.000386,0.013895,1.59146,,,,
106,,107.0,0.250594,0.251475,0.01382,0.000416,0.013826,1.723537,,,,
107,,108.0,0.223342,0.22364,0.013774,0.000436,0.013781,1.81201,,,,
108,,109.0,0.199054,0.199298,0.013711,0.000439,0.013718,1.835371,,,,
109,,110.0,0.177407,0.177557,0.013657,0.00045,0.013664,1.887209,,,,
110,,111.0,0.158114,0.158361,0.013584,0.000463,0.013592,1.95203,,,,
111,,112.0,0.140919,0.14119,0.013514,0.000484,0.013523,2.049811,,,,
112,,113.0,0.125594,0.125738,0.013442,0.000511,0.013451,2.179246,,,,
113,,114.0,0.111936,0.112034,0.013369,0.000523,0.013379,2.238345,,,,
