,timer,AI.U.E.Co.Tb.1 [V],AI.T.Air.ST.UUT.out [°C],current density [A/cm2],HFR [mOhm],mean current density [A/cm2]
70641,2022-08-03 11:31:11,0.230284,84.599998,1.6,-99.0,1.5999999999999996
70642,2022-08-03 11:31:11,0.230284,84.599998,1.6,-99.0,1.5999999999999996
70643,2022-08-03 11:31:12,0.331727,84.599998,1.6,-99.0,1.5999999999999996
70644,2022-08-03 11:31:14,0.331415,84.599998,1.6,-99.0,1.5999999999999996
70645,2022-08-03 11:31:15,0.331476,84.599998,1.6,-99.0,1.5999999999999996
70646,2022-08-03 11:31:16,0.332232,84.514442,1.6,-99.0,1.5999999999999996
70647,2022-08-03 11:31:17,0.332122,84.5,1.6,-99.0,1.5999999999999996
70648,2022-08-03 11:31:18,0.332165,84.5,1.6,-99.0,1.5999999999999996
70649,2022-08-03 11:31:19,0.332704,84.5,1.6,-99.0,1.5999999999999996
70650,2022-08-03 11:31:20,0.333453,84.5,1.6,-99.0,1.5999999999999996
70651,2022-08-03 11:31:21,0.33376,84.5,1.6,-99.0,1.5999999999999996
70652,2022-08-03 11:31:22,0.333812,84.5,1.6,7.51,1.5999999999999996
70653,2022-08-03 11:31:23,0.334199,84.5,1.6,7.51,1.5999999999999996
70654,2022-08-03 11:31:24,0.33467,84.5,1.6,7.51,1.5999999999999996
70655,2022-08-03 11:31:25,0.335319,84.400009,1.6,7.51,1.5999999999999996
70656,2022-08-03 11:31:26,0.335872,84.5,1.6,7.51,1.5999999999999996
70657,2022-08-03 11:31:27,0.335701,84.400009,1.6,7.51,1.5999999999999996
70658,2022-08-03 11:31:28,0.336446,84.400009,1.6,7.51,1.5999999999999996
70659,2022-08-03 11:31:29,0.335711,84.400009,1.6,7.51,1.5999999999999996
70660,2022-08-03 11:31:30,0.336837,84.400009,1.6,7.51,1.5999999999999996
70661,2022-08-03 11:31:31,0.336892,84.300003,1.6,7.51,1.5999999999999996
70662,2022-08-03 11:31:32,0.239215,84.400009,1.6,7.51,1.5999999999999996
70663,2022-08-03 11:31:33,0.337247,84.338013,1.6,7.51,1.5999999999999996
70664,2022-08-03 11:31:34,0.337719,84.300003,1.6,7.51,1.5999999999999996
70665,2022-08-03 11:31:35,0.337953,84.300003,1.6,7.51,1.5999999999999996
70666,2022-08-03 11:31:36,0.33813,84.300003,1.6,7.51,1.5999999999999996
70667,2022-08-03 11:31:37,0.33799,84.300003,1.6,7.51,1.5999999999999996
70668,2022-08-03 11:31:38,0.338768,84.300003,1.6,7.51,1.5999999999999996
70669,2022-08-03 11:31:39,0.338765,84.300003,1.6,7.51,1.5999999999999996
70670,2022-08-03 11:31:40,0.338733,84.199997,1.6,7.51,1.5999999999999996
70671,2022-08-03 11:31:41,0.338688,84.199997,1.6,7.51,1.5999999999999996
70672,2022-08-03 11:31:42,0.339227,84.199997,1.6,7.51,1.5999999999999996
70673,2022-08-03 11:31:43,0.339696,84.100006,1.6,7.4,1.5999999999999996
70674,2022-08-03 11:31:44,0.339593,84.199997,1.6,7.4,1.5999999999999996
70675,2022-08-03 11:31:45,0.34025,84.199997,1.6,7.4,1.5999999999999996
70676,2022-08-03 11:31:46,0.340308,84.100006,1.6,7.4,1.5999999999999996
70677,2022-08-03 11:31:47,0.34042,84.100006,1.6,7.4,1.5999999999999996
70678,2022-08-03 11:31:48,0.340926,84.100006,1.6,7.4,1.5999999999999996
70679,2022-08-03 11:31:49,0.341252,84.100006,1.6,7.4,1.5999999999999996
70680,2022-08-03 11:31:50,0.34118,84.061996,1.6,7.4,1.5999999999999996
70681,2022-08-03 11:31:51,0.341502,84.100006,1.6,7.4,1.5999999999999996
70682,2022-08-03 11:31:52,0.266453,84.0,1.6,7.4,1.5999999999999996
70683,2022-08-03 11:31:53,0.341799,84.0,1.6,7.4,1.5999999999999996
70684,2022-08-03 11:31:54,0.341954,84.0,1.6,7.4,1.5999999999999996
70685,2022-08-03 11:31:55,0.342077,84.0,1.6,7.4,1.5999999999999996
70686,2022-08-03 11:31:56,0.342148,84.0,1.6,7.4,1.5999999999999996
70687,2022-08-03 11:31:57,0.342495,84.0,1.6,7.4,1.5999999999999996
70688,2022-08-03 11:31:59,0.34255,84.0,1.6,7.4,1.5999999999999996
70689,2022-08-03 11:32:00,0.342468,84.0,1.6,7.4,1.5999999999999996
70690,2022-08-03 11:32:01,0.342742,83.900002,1.6,7.4,1.5999999999999996
70691,2022-08-03 11:32:02,0.342915,83.900002,1.6,7.4,1.5999999999999996
70692,2022-08-03 11:32:03,0.343005,83.800003,1.6,7.34,1.5999999999999996
70693,2022-08-03 11:32:04,0.34438,83.800003,1.6,7.34,1.5999999999999996
70694,2022-08-03 11:32:05,0.344078,83.800003,1.6,7.34,1.5999999999999996
70695,2022-08-03 11:32:06,0.344675,83.800003,1.6,7.34,1.5999999999999996
70696,2022-08-03 11:32:07,0.34453,83.800003,1.6,7.34,1.5999999999999996
70697,2022-08-03 11:32:08,0.344747,83.785561,1.6,7.34,1.5999999999999996
70698,2022-08-03 11:32:09,0.345322,83.699997,1.6,7.34,1.5999999999999996
70699,2022-08-03 11:32:10,0.345415,83.800003,1.6,7.34,1.5999999999999996
70700,2022-08-03 11:32:11,0.34553,83.699997,1.6,7.34,0.6111291818568282
70724,2022-08-03 11:32:32,0.420676,83.300011,1.4,7.34,1.4000000000000004
70725,2022-08-03 11:32:33,0.422353,83.214447,1.4,7.34,1.4000000000000004
70726,2022-08-03 11:32:34,0.422496,83.199997,1.4,7.34,1.4000000000000004
70727,2022-08-03 11:32:35,0.423196,83.114441,1.4,7.34,1.4000000000000004
70728,2022-08-03 11:32:36,0.423917,83.099998,1.4,7.34,1.4000000000000004
70729,2022-08-03 11:32:37,0.424433,83.099998,1.4,7.34,1.4000000000000004
70730,2022-08-03 11:32:38,0.42486,83.099998,1.4,7.34,1.4000000000000004
70731,2022-08-03 11:32:39,0.424955,83.099998,1.4,7.34,1.4000000000000004
70732,2022-08-03 11:32:40,0.425662,83.000008,1.4,7.34,1.4000000000000004
70733,2022-08-03 11:32:41,0.425759,83.000008,1.4,7.1,1.4000000000000004
70734,2022-08-03 11:32:43,0.426203,83.000008,1.4,7.1,1.4000000000000004
70735,2022-08-03 11:32:44,0.426823,82.900002,1.4,7.1,1.4000000000000004
70736,2022-08-03 11:32:45,0.427646,83.000008,1.4,7.1,1.4000000000000004
70737,2022-08-03 11:32:46,0.427898,82.800003,1.4,7.1,1.4000000000000004
70738,2022-08-03 11:32:47,0.427574,82.800003,1.4,7.1,1.4000000000000004
70739,2022-08-03 11:32:48,0.428539,82.800003,1.4,7.1,1.4000000000000004
70740,2022-08-03 11:32:49,0.428895,82.800003,1.4,7.1,1.4000000000000004
70741,2022-08-03 11:32:50,0.42895,82.700005,1.4,7.1,1.4000000000000004
70742,2022-08-03 11:32:51,0.429368,82.700005,1.4,7.1,1.4000000000000004
70743,2022-08-03 11:32:52,0.429916,82.599998,1.4,7.1,1.4000000000000004
70744,2022-08-03 11:32:53,0.430237,82.599998,1.4,7.1,1.4000000000000004
70745,2022-08-03 11:32:54,0.430371,82.599998,1.4,7.1,1.4000000000000004
70746,2022-08-03 11:32:55,0.430391,82.599998,1.4,7.1,1.4000000000000004
70747,2022-08-03 11:32:56,0.430884,82.5,1.4,7.1,1.4000000000000004
70748,2022-08-03 11:32:57,0.430886,82.5,1.4,7.1,1.4000000000000004
70749,2022-08-03 11:32:58,0.43122,82.5,1.4,7.1,1.4000000000000004
70750,2022-08-03 11:32:59,0.431925,82.5,1.4,7.1,1.4000000000000004
70751,2022-08-03 11:33:00,0.431991,82.400002,1.4,6.91,1.4000000000000004
70752,2022-08-03 11:33:01,0.432577,82.300003,1.4,6.91,1.4000000000000004
70753,2022-08-03 11:33:02,0.432752,82.300003,1.4,6.91,1.4000000000000004
70754,2022-08-03 11:33:03,0.43297,82.300003,1.4,6.91,1.4000000000000004
70755,2022-08-03 11:33:04,0.432976,82.300003,1.4,6.91,1.4000000000000004
70756,2022-08-03 11:33:05,0.433495,82.199997,1.4,6.91,1.4000000000000004
70757,2022-08-03 11:33:06,0.433805,82.199997,1.4,6.91,1.4000000000000004
70758,2022-08-03 11:33:07,0.433867,82.199997,1.4,6.91,1.4000000000000004
70759,2022-08-03 11:33:08,0.433991,82.099998,1.4,6.91,1.4000000000000004
70760,2022-08-03 11:33:09,0.43425,82.099998,1.4,6.91,1.4000000000000004
70761,2022-08-03 11:33:10,0.434304,82.099998,1.4,6.91,1.4000000000000004
70762,2022-08-03 11:33:11,0.429935,82.0,1.4,6.91,1.4000000000000004
70763,2022-08-03 11:33:12,0.434748,82.0,1.4,6.91,1.4000000000000004
70764,2022-08-03 11:33:13,0.435141,82.0,1.4,6.91,1.4000000000000004
70765,2022-08-03 11:33:14,0.435358,82.0,1.4,6.91,1.4000000000000004
70766,2022-08-03 11:33:15,0.435646,81.900009,1.4,6.91,1.4000000000000004
70767,2022-08-03 11:33:16,0.435461,81.900009,1.4,6.91,1.4000000000000004
70768,2022-08-03 11:33:17,0.436143,81.800003,1.4,6.91,1.4000000000000004
70769,2022-08-03 11:33:18,0.436136,81.800003,1.4,6.91,1.4000000000000004
70770,2022-08-03 11:33:19,0.436759,81.800003,1.4,6.91,1.4000000000000004
70771,2022-08-03 11:33:20,0.43685,81.800003,1.4,6.81,1.4000000000000004
70772,2022-08-03 11:33:21,0.436657,81.800003,1.4,6.81,1.4000000000000004
70773,2022-08-03 11:33:22,0.436825,81.699997,1.4,6.81,1.4000000000000004
70774,2022-08-03 11:33:23,0.43706,81.600006,1.4,6.81,1.4000000000000004
70775,2022-08-03 11:33:24,0.43759,81.600006,1.4,6.81,1.4000000000000004
70776,2022-08-03 11:33:25,0.437346,81.600006,1.4,6.81,1.4000000000000004
70777,2022-08-03 11:33:26,0.437417,81.600006,1.4,6.81,1.4000000000000004
70778,2022-08-03 11:33:28,0.437572,81.600006,1.4,6.81,1.4000000000000004
70779,2022-08-03 11:33:29,0.438215,81.5,1.4,6.81,1.4000000000000004
70780,2022-08-03 11:33:30,0.438298,81.5,1.4,6.81,1.4000000000000004
70781,2022-08-03 11:33:31,0.438331,81.5,1.4,6.81,1.4000000000000004
70782,2022-08-03 11:33:32,0.395589,81.5,1.4,6.81,1.4000000000000004
70783,2022-08-03 11:33:32,0.395589,81.5,1.4,6.81,0.6111291818568282
70804,2022-08-03 11:33:52,0.432274,80.900002,1.2,6.73,1.2000000000000002
70805,2022-08-03 11:33:52,0.432274,80.900002,1.2,6.73,1.2000000000000002
70806,2022-08-03 11:33:53,0.502089,80.900002,1.2,6.73,1.2000000000000002
70807,2022-08-03 11:33:54,0.50175,80.800003,1.2,6.73,1.2000000000000002
70808,2022-08-03 11:33:55,0.502246,80.800003,1.2,6.73,1.2000000000000002
70809,2022-08-03 11:33:56,0.502515,80.800003,1.2,6.73,1.2000000000000002
70810,2022-08-03 11:33:57,0.502592,80.785561,1.2,6.73,1.2000000000000002
70811,2022-08-03 11:33:58,0.502636,80.800003,1.2,6.73,1.2000000000000002
70812,2022-08-03 11:33:59,0.502349,80.699997,1.2,6.73,1.2000000000000002
70813,2022-08-03 11:34:00,0.502782,80.599998,1.2,6.73,1.2000000000000002
70814,2022-08-03 11:34:01,0.503425,80.599998,1.2,6.73,1.2000000000000002
70815,2022-08-03 11:34:02,0.504014,80.514442,1.2,6.65,1.2000000000000002
70816,2022-08-03 11:34:03,0.504043,80.585556,1.2,6.65,1.2000000000000002
70817,2022-08-03 11:34:04,0.504631,80.5,1.2,6.65,1.2000000000000002
70818,2022-08-03 11:34:05,0.50426,80.5,1.2,6.65,1.2000000000000002
70819,2022-08-03 11:34:06,0.504293,80.400002,1.2,6.65,1.2000000000000002
70820,2022-08-03 11:34:07,0.505098,80.400002,1.2,6.65,1.2000000000000002
70821,2022-08-03 11:34:08,0.504902,80.400002,1.2,6.65,1.2000000000000002
70822,2022-08-03 11:34:09,0.505122,80.300003,1.2,6.65,1.2000000000000002
70823,2022-08-03 11:34:10,0.505922,80.300003,1.2,6.65,1.2000000000000002
70824,2022-08-03 11:34:12,0.422188,80.300003,1.2,6.65,1.2000000000000002
70825,2022-08-03 11:34:13,0.505689,80.199997,1.2,6.65,1.2000000000000002
70826,2022-08-03 11:34:14,0.505801,80.261993,1.2,6.65,1.2000000000000002
70827,2022-08-03 11:34:15,0.506145,80.199997,1.2,6.65,1.2000000000000002
70828,2022-08-03 11:34:16,0.506384,80.099998,1.2,6.65,1.2000000000000002
70829,2022-08-03 11:34:17,0.506327,80.099998,1.2,6.65,1.2000000000000002
70830,2022-08-03 11:34:18,0.506709,80.099998,1.2,6.65,1.2000000000000002
70831,2022-08-03 11:34:19,0.506256,80.0,1.2,6.65,1.2000000000000002
70832,2022-08-03 11:34:20,0.506083,80.0,1.2,6.54,1.2000000000000002
70833,2022-08-03 11:34:21,0.506892,80.0,1.2,6.54,1.2000000000000002
70834,2022-08-03 11:34:22,0.424345,80.0,1.2,6.54,1.2000000000000002
70835,2022-08-03 11:34:23,0.507167,80.0,1.2,6.54,1.2000000000000002
70836,2022-08-03 11:34:24,0.507317,79.900009,1.2,6.54,1.2000000000000002
70837,2022-08-03 11:34:25,0.507587,79.800003,1.2,6.54,1.2000000000000002
70838,2022-08-03 11:34:26,0.507319,79.800003,1.2,6.54,1.2000000000000002
70839,2022-08-03 11:34:27,0.507663,79.800003,1.2,6.54,1.2000000000000002
70840,2022-08-03 11:34:28,0.507666,79.800003,1.2,6.54,1.2000000000000002
70841,2022-08-03 11:34:29,0.508269,79.800003,1.2,6.54,1.2000000000000002
70842,2022-08-03 11:34:30,0.508279,79.699997,1.2,6.54,1.2000000000000002
70843,2022-08-03 11:34:31,0.508244,79.699997,1.2,6.5,1.2000000000000002
70844,2022-08-03 11:34:32,0.507567,79.600006,1.2,6.5,1.2000000000000002
70845,2022-08-03 11:34:33,0.508464,79.600006,1.2,6.5,1.2000000000000002
70846,2022-08-03 11:34:34,0.508272,79.600006,1.2,6.5,1.2000000000000002
70847,2022-08-03 11:34:35,0.508726,79.600006,1.2,6.5,1.2000000000000002
70848,2022-08-03 11:34:36,0.508827,79.600006,1.2,6.5,1.2000000000000002
70849,2022-08-03 11:34:37,0.509023,79.600006,1.2,6.5,1.2000000000000002
70850,2022-08-03 11:34:38,0.508796,79.561996,1.2,6.5,1.2000000000000002
70851,2022-08-03 11:34:39,0.509441,79.5,1.2,6.5,1.2000000000000002
70852,2022-08-03 11:34:40,0.50923,79.5,1.2,6.5,1.2000000000000002
70853,2022-08-03 11:34:41,0.509146,79.5,1.2,6.5,1.2000000000000002
70854,2022-08-03 11:34:42,0.447897,79.400002,1.2,6.5,1.2000000000000002
70855,2022-08-03 11:34:43,0.509578,79.400002,1.2,6.5,1.2000000000000002
70856,2022-08-03 11:34:44,0.510163,79.300003,1.2,6.5,1.2000000000000002
70857,2022-08-03 11:34:45,0.50978,79.300003,1.2,6.5,1.2000000000000002
70858,2022-08-03 11:34:46,0.510147,79.300003,1.2,6.5,1.2000000000000002
70859,2022-08-03 11:34:47,0.510061,79.300003,1.2,6.5,1.2000000000000002
70860,2022-08-03 11:34:48,0.510531,79.300003,1.2,6.5,1.2000000000000002
70861,2022-08-03 11:34:49,0.510299,79.300003,1.2,6.5,1.2000000000000002
70862,2022-08-03 11:34:50,0.510291,79.199997,1.2,6.44,1.2000000000000002
70863,2022-08-03 11:34:51,0.510197,79.199997,1.2,6.44,1.2000000000000002
70864,2022-08-03 11:34:52,0.499425,79.185555,1.2,6.44,0.6111291818568282
70886,2022-08-03 11:35:12,0.566986,78.699997,1.0,6.41,1.0
70887,2022-08-03 11:35:13,0.567109,78.599998,1.0,6.47,1.0
70888,2022-08-03 11:35:14,0.566996,78.599998,1.0,6.47,1.0
70889,2022-08-03 11:35:15,0.567084,78.599998,1.0,6.47,1.0
70890,2022-08-03 11:35:16,0.567109,78.585556,1.0,6.47,1.0
70891,2022-08-03 11:35:17,0.567268,78.599998,1.0,6.47,1.0
70892,2022-08-03 11:35:18,0.567189,78.500008,1.0,6.47,1.0
70893,2022-08-03 11:35:19,0.567292,78.500008,1.0,6.47,1.0
70894,2022-08-03 11:35:20,0.567145,78.500008,1.0,6.47,1.0
70895,2022-08-03 11:35:21,0.567379,78.500008,1.0,6.47,1.0
70896,2022-08-03 11:35:22,0.563051,78.400002,1.0,6.47,1.0
70897,2022-08-03 11:35:23,0.567772,78.362,1.0,6.47,1.0
70898,2022-08-03 11:35:24,0.568162,78.400002,1.0,6.47,1.0
70899,2022-08-03 11:35:25,0.567954,78.300003,1.0,6.47,1.0
70900,2022-08-03 11:35:26,0.567876,78.300003,1.0,6.47,1.0
70901,2022-08-03 11:35:27,0.567842,78.300003,1.0,6.47,1.0
70902,2022-08-03 11:35:28,0.567911,78.300003,1.0,6.47,1.0
70903,2022-08-03 11:35:29,0.568122,78.200005,1.0,6.47,1.0
70904,2022-08-03 11:35:30,0.568303,78.261993,1.0,6.47,1.0
70905,2022-08-03 11:35:31,0.568173,78.200005,1.0,6.47,1.0
70906,2022-08-03 11:35:32,0.568461,78.114441,1.0,6.47,1.0
70907,2022-08-03 11:35:33,0.568573,78.099998,1.0,6.32,1.0
70908,2022-08-03 11:35:34,0.568575,78.099998,1.0,6.32,1.0
70909,2022-08-03 11:35:35,0.568774,78.099998,1.0,6.32,1.0
70910,2022-08-03 11:35:36,0.568232,78.099998,1.0,6.32,1.0
70911,2022-08-03 11:35:37,0.569022,78.03801,1.0,6.32,1.0
70912,2022-08-03 11:35:38,0.569037,78.0,1.0,6.32,1.0
70913,2022-08-03 11:35:39,0.569079,78.0,1.0,6.32,1.0
70914,2022-08-03 11:35:41,0.569314,78.0,1.0,6.32,1.0
70915,2022-08-03 11:35:42,0.568957,78.0,1.0,6.32,1.0
70916,2022-08-03 11:35:43,0.569458,78.0,1.0,6.32,1.0
70917,2022-08-03 11:35:44,0.570057,77.900002,1.0,6.32,1.0
70918,2022-08-03 11:35:45,0.569756,77.900002,1.0,6.32,1.0
70919,2022-08-03 11:35:46,0.569463,77.900002,1.0,6.32,1.0
70920,2022-08-03 11:35:47,0.569393,77.900002,1.0,6.32,1.0
70921,2022-08-03 11:35:48,0.569332,77.900002,1.0,6.32,1.0
70922,2022-08-03 11:35:49,0.569473,77.800003,1.0,6.32,1.0
70923,2022-08-03 11:35:50,0.569602,77.800003,1.0,6.32,1.0
70924,2022-08-03 11:35:51,0.56969,77.800003,1.0,6.27,1.0
70925,2022-08-03 11:35:52,0.56492,77.800003,1.0,6.27,1.0
70926,2022-08-03 11:35:53,0.569578,77.761993,1.0,6.27,1.0
70927,2022-08-03 11:35:54,0.569556,77.699997,1.0,6.27,1.0
70928,2022-08-03 11:35:55,0.570182,77.800003,1.0,6.27,1.0
70929,2022-08-03 11:35:56,0.569945,77.699997,1.0,6.27,1.0
70930,2022-08-03 11:35:57,0.570029,77.699997,1.0,6.27,1.0
70931,2022-08-03 11:35:58,0.570137,77.699997,1.0,6.27,1.0
70932,2022-08-03 11:35:59,0.57007,77.599998,1.0,6.27,1.0
70933,2022-08-03 11:36:00,0.569224,77.699997,1.0,6.27,1.0
70934,2022-08-03 11:36:01,0.569959,77.599998,1.0,6.27,1.0
70935,2022-08-03 11:36:02,0.570396,77.599998,1.0,6.25,1.0
70936,2022-08-03 11:36:03,0.570475,77.599998,1.0,6.25,1.0
70937,2022-08-03 11:36:04,0.570544,77.599998,1.0,6.25,1.0
70938,2022-08-03 11:36:05,0.570284,77.5,1.0,6.25,1.0
70939,2022-08-03 11:36:06,0.570642,77.585556,1.0,6.25,1.0
70940,2022-08-03 11:36:07,0.570728,77.5,1.0,6.25,1.0
70941,2022-08-03 11:36:08,0.570727,77.5,1.0,6.25,1.0
70942,2022-08-03 11:36:09,0.570884,77.5,1.0,6.25,1.0
70943,2022-08-03 11:36:10,0.570815,77.5,1.0,6.25,1.0
70944,2022-08-03 11:36:11,0.544781,77.5,1.0,6.25,1.0
70945,2022-08-03 11:36:12,0.571015,77.5,1.0,6.25,0.6111291818568282
70968,2022-08-03 11:36:33,0.626357,77.199997,0.8,6.21,0.7999999999999998
70969,2022-08-03 11:36:34,0.62594,77.199997,0.8,6.21,0.7999999999999998
70970,2022-08-03 11:36:35,0.625947,77.100006,0.8,6.21,0.7999999999999998
70971,2022-08-03 11:36:36,0.625617,77.100006,0.8,6.21,0.7999999999999998
70972,2022-08-03 11:36:37,0.625904,77.100006,0.8,6.21,0.7999999999999998
70973,2022-08-03 11:36:38,0.625643,77.100006,0.8,6.21,0.7999999999999998
70974,2022-08-03 11:36:39,0.625686,77.100006,0.8,6.21,0.7999999999999998
70975,2022-08-03 11:36:40,0.625565,77.100006,0.8,6.21,0.7999999999999998
70976,2022-08-03 11:36:41,0.625791,77.100006,0.8,6.21,0.7999999999999998
70977,2022-08-03 11:36:42,0.625634,77.100006,0.8,6.26,0.7999999999999998
70978,2022-08-03 11:36:43,0.625547,77.0,0.8,6.26,0.7999999999999998
70979,2022-08-03 11:36:44,0.625407,77.03801,0.8,6.26,0.7999999999999998
70980,2022-08-03 11:36:45,0.625521,77.0,0.8,6.26,0.7999999999999998
70981,2022-08-03 11:36:46,0.625617,77.0,0.8,6.26,0.7999999999999998
70982,2022-08-03 11:36:47,0.625643,77.0,0.8,6.26,0.7999999999999998
70983,2022-08-03 11:36:48,0.625547,77.0,0.8,6.26,0.7999999999999998
70984,2022-08-03 11:36:49,0.625591,77.0,0.8,6.26,0.7999999999999998
70985,2022-08-03 11:36:50,0.625973,77.0,0.8,6.26,0.7999999999999998
70986,2022-08-03 11:36:51,0.625661,77.0,0.8,6.26,0.7999999999999998
70987,2022-08-03 11:36:52,0.560302,77.0,0.8,6.26,0.7999999999999998
70988,2022-08-03 11:36:53,0.625573,76.900002,0.8,6.26,0.7999999999999998
70989,2022-08-03 11:36:54,0.625634,76.900002,0.8,6.26,0.7999999999999998
70990,2022-08-03 11:36:55,0.625687,76.900002,0.8,6.26,0.7999999999999998
70991,2022-08-03 11:36:56,0.62573,76.985558,0.8,6.26,0.7999999999999998
70992,2022-08-03 11:36:57,0.625774,76.800018,0.8,6.26,0.7999999999999998
70993,2022-08-03 11:36:58,0.625957,76.800018,0.8,6.26,0.7999999999999998
70994,2022-08-03 11:36:59,0.625983,76.814453,0.8,6.26,0.7999999999999998
70995,2022-08-03 11:37:00,0.625817,76.900002,0.8,6.26,0.7999999999999998
70996,2022-08-03 11:37:01,0.62573,76.800018,0.8,6.18,0.7999999999999998
70997,2022-08-03 11:37:02,0.626,76.800018,0.8,6.18,0.7999999999999998
70998,2022-08-03 11:37:03,0.6258,76.800018,0.8,6.18,0.7999999999999998
70999,2022-08-03 11:37:04,0.625903,76.800018,0.8,6.18,0.7999999999999998
71000,2022-08-03 11:37:05,0.625773,76.800018,0.8,6.18,0.7999999999999998
71001,2022-08-03 11:37:06,0.625774,76.800018,0.8,6.18,0.7999999999999998
71002,2022-08-03 11:37:07,0.625774,76.800018,0.8,6.18,0.7999999999999998
71003,2022-08-03 11:37:08,0.62411,76.800018,0.8,6.18,0.7999999999999998
71004,2022-08-03 11:37:10,0.624509,76.800018,0.8,6.18,0.7999999999999998
71005,2022-08-03 11:37:11,0.624572,76.699997,0.8,6.18,0.7999999999999998
71006,2022-08-03 11:37:12,0.572201,76.699997,0.8,6.18,0.7999999999999998
71007,2022-08-03 11:37:13,0.625224,76.699997,0.8,6.18,0.7999999999999998
71008,2022-08-03 11:37:14,0.625677,76.699997,0.8,6.18,0.7999999999999998
71009,2022-08-03 11:37:15,0.625957,76.699997,0.8,6.18,0.7999999999999998
71010,2022-08-03 11:37:16,0.62629,76.699997,0.8,6.18,0.7999999999999998
71011,2022-08-03 11:37:17,0.626471,76.699997,0.8,6.18,0.7999999999999998
71012,2022-08-03 11:37:18,0.62642,76.699997,0.8,6.18,0.7999999999999998
71013,2022-08-03 11:37:19,0.626333,76.599998,0.8,6.18,0.7999999999999998
71014,2022-08-03 11:37:20,0.626732,76.685555,0.8,6.18,0.7999999999999998
71015,2022-08-03 11:37:21,0.626506,76.699997,0.8,6.18,0.7999999999999998
71016,2022-08-03 11:37:22,0.626629,76.661987,0.8,6.18,0.7999999999999998
71017,2022-08-03 11:37:23,0.626593,76.699997,0.8,6.16,0.7999999999999998
71018,2022-08-03 11:37:24,0.626619,76.599998,0.8,6.16,0.7999999999999998
71019,2022-08-03 11:37:25,0.626672,76.599998,0.8,6.16,0.7999999999999998
71020,2022-08-03 11:37:26,0.626716,76.599998,0.8,6.16,0.7999999999999998
71021,2022-08-03 11:37:27,0.626663,76.599998,0.8,6.16,0.7999999999999998
71022,2022-08-03 11:37:28,0.62674,76.599998,0.8,6.16,0.7999999999999998
71023,2022-08-03 11:37:29,0.626645,76.599998,0.8,6.16,0.7999999999999998
71024,2022-08-03 11:37:30,0.62648,76.599998,0.8,6.16,0.7999999999999998
71025,2022-08-03 11:37:31,0.626473,76.599998,0.8,6.16,0.7999999999999998
71026,2022-08-03 11:37:32,0.610488,76.599998,0.8,6.16,0.7999999999999998
71027,2022-08-03 11:37:33,0.626577,76.599998,0.8,6.16,0.6111291818568282
71053,2022-08-03 11:37:55,0.682424,76.500008,0.6,6.12,0.6000000000000001
71054,2022-08-03 11:37:56,0.682424,76.500008,0.6,6.12,0.6000000000000001
71055,2022-08-03 11:37:57,0.682311,76.500008,0.6,6.12,0.6000000000000001
71056,2022-08-03 11:37:58,0.682232,76.500008,0.6,6.12,0.6000000000000001
71057,2022-08-03 11:37:59,0.682171,76.400002,0.6,6.12,0.6000000000000001
71058,2022-08-03 11:38:00,0.681744,76.500008,0.6,6.12,0.6000000000000001
71059,2022-08-03 11:38:01,0.68171,76.500008,0.6,6.12,0.6000000000000001
71060,2022-08-03 11:38:02,0.681622,76.500008,0.6,6.12,0.6000000000000001
71061,2022-08-03 11:38:03,0.680565,76.400002,0.6,6.12,0.6000000000000001
71062,2022-08-03 11:38:04,0.681525,76.500008,0.6,6.12,0.6000000000000001
71063,2022-08-03 11:38:05,0.681396,76.400002,0.6,6.12,0.6000000000000001
71064,2022-08-03 11:38:06,0.681413,76.414444,0.6,6.12,0.6000000000000001
71065,2022-08-03 11:38:07,0.681411,76.400002,0.6,6.12,0.6000000000000001
71066,2022-08-03 11:38:08,0.681256,76.400002,0.6,6.12,0.6000000000000001
71067,2022-08-03 11:38:09,0.681282,76.400002,0.6,6.12,0.6000000000000001
71068,2022-08-03 11:38:10,0.681422,76.400002,0.6,6.18,0.6000000000000001
71069,2022-08-03 11:38:11,0.681369,76.400002,0.6,6.18,0.6000000000000001
71070,2022-08-03 11:38:12,0.680627,76.400002,0.6,6.18,0.6000000000000001
71071,2022-08-03 11:38:13,0.681255,76.300003,0.6,6.18,0.6000000000000001
71072,2022-08-03 11:38:14,0.681186,76.300003,0.6,6.18,0.6000000000000001
71073,2022-08-03 11:38:15,0.681316,76.300003,0.6,6.18,0.6000000000000001
71074,2022-08-03 11:38:16,0.681159,76.300003,0.6,6.18,0.6000000000000001
71075,2022-08-03 11:38:17,0.681203,76.300003,0.6,6.18,0.6000000000000001
71076,2022-08-03 11:38:18,0.681186,76.362,0.6,6.18,0.6000000000000001
71077,2022-08-03 11:38:19,0.681142,76.400002,0.6,6.18,0.6000000000000001
71078,2022-08-03 11:38:20,0.681186,76.300003,0.6,6.18,0.6000000000000001
71079,2022-08-03 11:38:21,0.681071,76.300003,0.6,6.18,0.6000000000000001
71080,2022-08-03 11:38:22,0.681159,76.300003,0.6,6.18,0.6000000000000001
71081,2022-08-03 11:38:23,0.681159,76.300003,0.6,6.15,0.6000000000000001
71082,2022-08-03 11:38:24,0.68109,76.300003,0.6,6.15,0.6000000000000001
71083,2022-08-03 11:38:25,0.681149,76.300003,0.6,6.15,0.6000000000000001
71084,2022-08-03 11:38:26,0.681073,76.300003,0.6,6.15,0.6000000000000001
71085,2022-08-03 11:38:27,0.681133,76.300003,0.6,6.15,0.6000000000000001
71086,2022-08-03 11:38:28,0.681126,76.300003,0.6,6.15,0.6000000000000001
71087,2022-08-03 11:38:29,0.681073,76.300003,0.6,6.15,0.6000000000000001
71088,2022-08-03 11:38:30,0.681116,76.300003,0.6,6.15,0.6000000000000001
71089,2022-08-03 11:38:31,0.680968,76.300003,0.6,6.15,0.6000000000000001
71090,2022-08-03 11:38:32,0.680949,76.300003,0.6,6.15,0.6000000000000001
71091,2022-08-03 11:38:33,0.680976,76.300003,0.6,6.15,0.6000000000000001
71092,2022-08-03 11:38:34,0.680872,76.300003,0.6,6.15,0.6000000000000001
71093,2022-08-03 11:38:35,0.68102,76.300003,0.6,6.15,0.6000000000000001
71094,2022-08-03 11:38:36,0.68089,76.300003,0.6,6.15,0.6000000000000001
71095,2022-08-03 11:38:37,0.680986,76.300003,0.6,6.15,0.6000000000000001
71096,2022-08-03 11:38:39,0.68103,76.300003,0.6,6.15,0.6000000000000001
71097,2022-08-03 11:38:40,0.680915,76.300003,0.6,6.15,0.6000000000000001
71098,2022-08-03 11:38:41,0.68095,76.300003,0.6,6.15,0.6000000000000001
71099,2022-08-03 11:38:42,0.680906,76.300003,0.6,6.15,0.6000000000000001
71100,2022-08-03 11:38:43,0.680924,76.300003,0.6,6.15,0.6000000000000001
71101,2022-08-03 11:38:44,0.680959,76.300003,0.6,6.15,0.6000000000000001
71102,2022-08-03 11:38:45,0.680932,76.300003,0.6,6.15,0.6000000000000001
71103,2022-08-03 11:38:46,0.681018,76.300003,0.6,6.14,0.6000000000000001
71104,2022-08-03 11:38:47,0.680819,76.300003,0.6,6.14,0.6000000000000001
71105,2022-08-03 11:38:48,0.680819,76.300003,0.6,6.14,0.6000000000000001
71106,2022-08-03 11:38:49,0.680863,76.300003,0.6,6.14,0.6000000000000001
71107,2022-08-03 11:38:50,0.68082,76.300003,0.6,6.14,0.6000000000000001
71108,2022-08-03 11:38:51,0.680959,76.300003,0.6,6.14,0.6000000000000001
71109,2022-08-03 11:38:52,0.676713,76.300003,0.6,6.14,0.6000000000000001
71110,2022-08-03 11:38:53,0.680846,76.300003,0.6,6.14,0.6000000000000001
71111,2022-08-03 11:38:54,0.680775,76.300003,0.6,6.14,0.6000000000000001
71112,2022-08-03 11:38:55,0.680757,76.300003,0.6,6.14,0.6000000000000001
71113,2022-08-03 11:38:55,0.680759,76.300003,0.6,6.14,0.6111291818568282
71134,2022-08-03 11:39:15,0.710152,76.300003,0.5,6.12,0.5
71135,2022-08-03 11:39:15,0.710152,76.300003,0.5,6.12,0.5
71136,2022-08-03 11:39:16,0.70996,76.300003,0.5,6.12,0.5
71137,2022-08-03 11:39:17,0.70976,76.300003,0.5,6.12,0.5
71138,2022-08-03 11:39:18,0.709664,76.300003,0.5,6.12,0.5
71139,2022-08-03 11:39:19,0.70948,76.300003,0.5,6.12,0.5
71140,2022-08-03 11:39:20,0.709366,76.300003,0.5,6.12,0.5
71141,2022-08-03 11:39:21,0.709497,76.300003,0.5,6.12,0.5
71142,2022-08-03 11:39:22,0.709368,76.300003,0.5,6.12,0.5
71143,2022-08-03 11:39:24,0.709367,76.300003,0.5,6.12,0.5
71144,2022-08-03 11:39:25,0.709175,76.300003,0.5,6.2,0.5
71145,2022-08-03 11:39:26,0.709123,76.300003,0.5,6.2,0.5
71146,2022-08-03 11:39:27,0.709314,76.300003,0.5,6.2,0.5
71147,2022-08-03 11:39:28,0.709253,76.300003,0.5,6.2,0.5
71148,2022-08-03 11:39:29,0.709201,76.385559,0.5,6.2,0.5
71149,2022-08-03 11:39:30,0.709132,76.300003,0.5,6.2,0.5
71150,2022-08-03 11:39:31,0.709174,76.400002,0.5,6.2,0.5
71151,2022-08-03 11:39:32,0.655337,76.362,0.5,6.2,0.5
71152,2022-08-03 11:39:33,0.709026,76.400002,0.5,6.2,0.5
71153,2022-08-03 11:39:34,0.709018,76.300003,0.5,6.2,0.5
71154,2022-08-03 11:39:35,0.709045,76.385559,0.5,6.2,0.5
71155,2022-08-03 11:39:36,0.708792,76.300003,0.5,6.2,0.5
71156,2022-08-03 11:39:37,0.708992,76.300003,0.5,6.2,0.5
71157,2022-08-03 11:39:38,0.709061,76.400002,0.5,6.2,0.5
71158,2022-08-03 11:39:39,0.708895,76.400002,0.5,6.2,0.5
71159,2022-08-03 11:39:40,0.708748,76.400002,0.5,6.2,0.5
71160,2022-08-03 11:39:41,0.709079,76.400002,0.5,6.19,0.5
71161,2022-08-03 11:39:42,0.708748,76.300003,0.5,6.19,0.5
71162,2022-08-03 11:39:43,0.708879,76.300003,0.5,6.19,0.5
71163,2022-08-03 11:39:44,0.708766,76.400002,0.5,6.19,0.5
71164,2022-08-03 11:39:45,0.708809,76.338013,0.5,6.19,0.5
71165,2022-08-03 11:39:46,0.708835,76.314453,0.5,6.19,0.5
71166,2022-08-03 11:39:47,0.708678,76.362,0.5,6.19,0.5
71167,2022-08-03 11:39:48,0.708783,76.400002,0.5,6.19,0.5
71168,2022-08-03 11:39:49,0.708809,76.400002,0.5,6.19,0.5
71169,2022-08-03 11:39:50,0.708642,76.400002,0.5,6.19,0.5
71170,2022-08-03 11:39:51,0.708835,76.400002,0.5,6.19,0.5
71171,2022-08-03 11:39:52,0.653265,76.400002,0.5,6.19,0.5
71172,2022-08-03 11:39:53,0.708242,76.400002,0.5,6.19,0.5
71173,2022-08-03 11:39:54,0.708566,76.400002,0.5,6.19,0.5
71174,2022-08-03 11:39:55,0.708566,76.500008,0.5,6.19,0.5
71175,2022-08-03 11:39:56,0.708285,76.500008,0.5,6.19,0.5
71176,2022-08-03 11:39:57,0.708381,76.500008,0.5,6.19,0.5
71177,2022-08-03 11:39:58,0.708599,76.500008,0.5,6.19,0.5
71178,2022-08-03 11:39:59,0.708695,76.500008,0.5,6.19,0.5
71179,2022-08-03 11:40:00,0.708346,76.500008,0.5,6.19,0.5
71180,2022-08-03 11:40:01,0.708399,76.500008,0.5,6.19,0.5
71181,2022-08-03 11:40:02,0.708478,76.500008,0.5,6.19,0.5
71182,2022-08-03 11:40:03,0.708513,76.500008,0.5,6.19,0.5
71183,2022-08-03 11:40:04,0.708259,76.500008,0.5,6.19,0.5
71184,2022-08-03 11:40:05,0.708259,76.500008,0.5,6.19,0.5
71185,2022-08-03 11:40:06,0.708328,76.500008,0.5,6.19,0.5
71186,2022-08-03 11:40:08,0.708042,76.500008,0.5,6.19,0.5
71187,2022-08-03 11:40:09,0.708686,76.500008,0.5,6.19,0.5
71188,2022-08-03 11:40:10,0.708304,76.500008,0.5,6.19,0.5
71189,2022-08-03 11:40:11,0.708172,76.500008,0.5,6.19,0.5
71190,2022-08-03 11:40:12,0.665593,76.500008,0.5,6.19,0.5
71191,2022-08-03 11:40:13,0.708479,76.599998,0.5,6.19,0.5
71192,2022-08-03 11:40:14,0.708286,76.599998,0.5,6.19,0.5
71193,2022-08-03 11:40:15,0.708179,76.599998,0.5,6.19,0.6111291818568282
71217,2022-08-03 11:40:36,0.738281,76.699997,0.4,6.2,0.3999999999999999
71218,2022-08-03 11:40:37,0.738359,76.699997,0.4,6.2,0.3999999999999999
71219,2022-08-03 11:40:38,0.738089,76.800018,0.4,6.2,0.3999999999999999
71220,2022-08-03 11:40:39,0.737949,76.800018,0.4,6.2,0.3999999999999999
71221,2022-08-03 11:40:40,0.737949,76.699997,0.4,6.2,0.3999999999999999
71222,2022-08-03 11:40:41,0.73747,76.699997,0.4,6.2,0.3999999999999999
71223,2022-08-03 11:40:42,0.734682,76.699997,0.4,6.2,0.3999999999999999
71224,2022-08-03 11:40:43,0.737469,76.699997,0.4,6.2,0.3999999999999999
71225,2022-08-03 11:40:44,0.737399,76.800018,0.4,6.2,0.3999999999999999
71226,2022-08-03 11:40:45,0.737234,76.800018,0.4,6.2,0.3999999999999999
71227,2022-08-03 11:40:46,0.73726,76.800018,0.4,6.2,0.3999999999999999
71228,2022-08-03 11:40:47,0.737416,76.800018,0.4,6.2,0.3999999999999999
71229,2022-08-03 11:40:48,0.737121,76.800018,0.4,6.2,0.3999999999999999
71230,2022-08-03 11:40:49,0.737147,76.800018,0.4,6.2,0.3999999999999999
71231,2022-08-03 11:40:50,0.73713,76.800018,0.4,6.2,0.3999999999999999
71232,2022-08-03 11:40:51,0.737173,76.800018,0.4,6.17,0.3999999999999999
71233,2022-08-03 11:40:53,0.737017,76.800018,0.4,6.17,0.3999999999999999
71234,2022-08-03 11:40:54,0.737217,76.800018,0.4,6.17,0.3999999999999999
71235,2022-08-03 11:40:55,0.73726,76.800018,0.4,6.17,0.3999999999999999
71236,2022-08-03 11:40:56,0.737174,76.800018,0.4,6.17,0.3999999999999999
71237,2022-08-03 11:40:57,0.737103,76.800018,0.4,6.17,0.3999999999999999
71238,2022-08-03 11:40:58,0.737034,76.800018,0.4,6.17,0.3999999999999999
71239,2022-08-03 11:40:59,0.737017,76.900002,0.4,6.17,0.3999999999999999
71240,2022-08-03 11:41:00,0.736973,76.900002,0.4,6.17,0.3999999999999999
71241,2022-08-03 11:41:01,0.737008,76.800018,0.4,6.17,0.3999999999999999
71242,2022-08-03 11:41:02,0.736963,76.800018,0.4,6.17,0.3999999999999999
71243,2022-08-03 11:41:03,0.737137,77.0,0.4,6.17,0.3999999999999999
71244,2022-08-03 11:41:04,0.737137,77.0,0.4,6.17,0.3999999999999999
71245,2022-08-03 11:41:05,0.737137,76.914444,0.4,6.17,0.3999999999999999
71246,2022-08-03 11:41:06,0.737077,77.0,0.4,6.17,0.3999999999999999
71247,2022-08-03 11:41:07,0.737234,77.0,0.4,6.17,0.3999999999999999
71248,2022-08-03 11:41:08,0.737034,77.0,0.4,6.17,0.3999999999999999
71249,2022-08-03 11:41:09,0.737018,77.0,0.4,6.17,0.3999999999999999
71250,2022-08-03 11:41:10,0.736974,77.0,0.4,6.17,0.3999999999999999
71251,2022-08-03 11:41:11,0.737034,77.0,0.4,6.15,0.3999999999999999
71252,2022-08-03 11:41:12,0.73712,77.0,0.4,6.15,0.3999999999999999
71253,2022-08-03 11:41:13,0.737207,77.0,0.4,6.15,0.3999999999999999
71254,2022-08-03 11:41:14,0.736982,77.0,0.4,6.15,0.3999999999999999
71255,2022-08-03 11:41:15,0.73706,77.0,0.4,6.15,0.3999999999999999
71256,2022-08-03 11:41:16,0.736903,77.0,0.4,6.15,0.3999999999999999
71257,2022-08-03 11:41:17,0.737033,77.0,0.4,6.15,0.3999999999999999
71258,2022-08-03 11:41:18,0.737007,77.100006,0.4,6.15,0.3999999999999999
71259,2022-08-03 11:41:19,0.736964,77.061996,0.4,6.15,0.3999999999999999
71260,2022-08-03 11:41:20,0.736974,77.0,0.4,6.15,0.3999999999999999
71261,2022-08-03 11:41:21,0.736947,77.100006,0.4,6.15,0.3999999999999999
71262,2022-08-03 11:41:22,0.736842,77.100006,0.4,6.15,0.3999999999999999
71263,2022-08-03 11:41:23,0.736964,77.100006,0.4,6.15,0.3999999999999999
71264,2022-08-03 11:41:24,0.736947,77.100006,0.4,6.15,0.3999999999999999
71265,2022-08-03 11:41:25,0.736911,77.100006,0.4,6.15,0.3999999999999999
71266,2022-08-03 11:41:26,0.736851,77.100006,0.4,6.15,0.3999999999999999
71267,2022-08-03 11:41:27,0.736868,77.199997,0.4,6.15,0.3999999999999999
71268,2022-08-03 11:41:28,0.737017,77.100006,0.4,6.15,0.3999999999999999
71269,2022-08-03 11:41:29,0.736807,77.100006,0.4,6.15,0.3999999999999999
71270,2022-08-03 11:41:30,0.736764,77.100006,0.4,6.15,0.3999999999999999
71271,2022-08-03 11:41:31,0.736964,77.199997,0.4,6.17,0.3999999999999999
71272,2022-08-03 11:41:32,0.736877,77.199997,0.4,6.17,0.3999999999999999
71273,2022-08-03 11:41:33,0.73692,77.199997,0.4,6.17,0.3999999999999999
71274,2022-08-03 11:41:34,0.736894,77.199997,0.4,6.17,0.3999999999999999
71275,2022-08-03 11:41:35,0.736878,77.300003,0.4,6.17,0.6111291818568282
71297,2022-08-03 11:41:56,0.770726,77.5,0.3,6.18,0.30000000000000004
71298,2022-08-03 11:41:56,0.770726,77.5,0.3,6.18,0.30000000000000004
71299,2022-08-03 11:41:57,0.770613,77.5,0.3,6.18,0.30000000000000004
71300,2022-08-03 11:41:58,0.770403,77.5,0.3,6.18,0.30000000000000004
71301,2022-08-03 11:41:59,0.770186,77.5,0.3,6.18,0.30000000000000004
71302,2022-08-03 11:42:00,0.77008,77.5,0.3,6.18,0.30000000000000004
71303,2022-08-03 11:42:01,0.769733,77.5,0.3,6.18,0.30000000000000004
71304,2022-08-03 11:42:02,0.769445,77.5,0.3,6.18,0.30000000000000004
71305,2022-08-03 11:42:03,0.769401,77.5,0.3,6.18,0.30000000000000004
71306,2022-08-03 11:42:04,0.769331,77.561996,0.3,6.18,0.30000000000000004
71307,2022-08-03 11:42:05,0.769165,77.53801,0.3,6.18,0.30000000000000004
71308,2022-08-03 11:42:06,0.769138,77.599998,0.3,6.18,0.30000000000000004
71309,2022-08-03 11:42:07,0.769147,77.599998,0.3,6.18,0.30000000000000004
71310,2022-08-03 11:42:08,0.769166,77.599998,0.3,6.18,0.30000000000000004
71311,2022-08-03 11:42:09,0.768981,77.599998,0.3,6.18,0.30000000000000004
71312,2022-08-03 11:42:10,0.768965,77.599998,0.3,6.25,0.30000000000000004
71313,2022-08-03 11:42:11,0.768991,77.599998,0.3,6.25,0.30000000000000004
71314,2022-08-03 11:42:12,0.769051,77.599998,0.3,6.25,0.30000000000000004
71315,2022-08-03 11:42:13,0.768781,77.599998,0.3,6.25,0.30000000000000004
71316,2022-08-03 11:42:14,0.768825,77.685555,0.3,6.25,0.30000000000000004
71317,2022-08-03 11:42:15,0.768938,77.699997,0.3,6.25,0.30000000000000004
71318,2022-08-03 11:42:16,0.768798,77.599998,0.3,6.25,0.30000000000000004
71319,2022-08-03 11:42:17,0.768771,77.599998,0.3,6.25,0.30000000000000004
71320,2022-08-03 11:42:18,0.768694,77.699997,0.3,6.25,0.30000000000000004
71321,2022-08-03 11:42:19,0.768868,77.699997,0.3,6.25,0.30000000000000004
71322,2022-08-03 11:42:20,0.768608,77.699997,0.3,6.25,0.30000000000000004
71323,2022-08-03 11:42:22,0.722669,77.699997,0.3,6.25,0.30000000000000004
71324,2022-08-03 11:42:23,0.768659,77.800003,0.3,6.25,0.30000000000000004
71325,2022-08-03 11:42:24,0.768641,77.800003,0.3,6.25,0.30000000000000004
71326,2022-08-03 11:42:25,0.768624,77.800003,0.3,6.25,0.30000000000000004
71327,2022-08-03 11:42:26,0.768556,77.800003,0.3,6.25,0.30000000000000004
71328,2022-08-03 11:42:27,0.768685,77.800003,0.3,6.25,0.30000000000000004
71329,2022-08-03 11:42:28,0.768598,77.800003,0.3,6.25,0.30000000000000004
71330,2022-08-03 11:42:29,0.768615,77.800003,0.3,6.25,0.30000000000000004
71331,2022-08-03 11:42:30,0.768641,77.862,0.3,6.23,0.30000000000000004
71332,2022-08-03 11:42:31,0.768301,77.900002,0.3,6.23,0.30000000000000004
71333,2022-08-03 11:42:32,0.718734,77.800003,0.3,6.23,0.30000000000000004
71334,2022-08-03 11:42:33,0.768466,77.800003,0.3,6.23,0.30000000000000004
71335,2022-08-03 11:42:34,0.768293,77.800003,0.3,6.23,0.30000000000000004
71336,2022-08-03 11:42:35,0.768475,77.800003,0.3,6.23,0.30000000000000004
71337,2022-08-03 11:42:36,0.768257,77.900002,0.3,6.23,0.30000000000000004
71338,2022-08-03 11:42:37,0.768354,77.900002,0.3,6.23,0.30000000000000004
71339,2022-08-03 11:42:38,0.768468,77.900002,0.3,6.23,0.30000000000000004
71340,2022-08-03 11:42:39,0.768172,77.900002,0.3,6.23,0.30000000000000004
71341,2022-08-03 11:42:40,0.768248,78.0,0.3,6.23,0.30000000000000004
71342,2022-08-03 11:42:41,0.768225,78.0,0.3,6.24,0.30000000000000004
71343,2022-08-03 11:42:42,0.715718,78.0,0.3,6.24,0.30000000000000004
71344,2022-08-03 11:42:43,0.76831,78.0,0.3,6.24,0.30000000000000004
71345,2022-08-03 11:42:44,0.768519,78.0,0.3,6.24,0.30000000000000004
71346,2022-08-03 11:42:45,0.768248,78.0,0.3,6.24,0.30000000000000004
71347,2022-08-03 11:42:46,0.768222,78.099998,0.3,6.24,0.30000000000000004
71348,2022-08-03 11:42:47,0.768162,78.0,0.3,6.24,0.30000000000000004
71349,2022-08-03 11:42:48,0.768136,78.0,0.3,6.24,0.30000000000000004
71350,2022-08-03 11:42:49,0.76824,78.0,0.3,6.24,0.30000000000000004
71351,2022-08-03 11:42:50,0.768311,78.099998,0.3,6.24,0.30000000000000004
71352,2022-08-03 11:42:51,0.768032,78.099998,0.3,6.24,0.30000000000000004
71353,2022-08-03 11:42:52,0.767979,78.099998,0.3,6.25,0.30000000000000004
71354,2022-08-03 11:42:53,0.767945,78.099998,0.3,6.25,0.30000000000000004
71355,2022-08-03 11:42:54,0.768093,78.099998,0.3,6.25,0.30000000000000004
71356,2022-08-03 11:42:55,0.768092,78.099998,0.3,6.25,0.30000000000000004
71357,2022-08-03 11:42:56,0.768172,78.099998,0.3,6.25,0.6111291818568282
71383,2022-08-03 11:43:18,0.803502,78.500008,0.2,6.26,0.19999999999999996
71384,2022-08-03 11:43:19,0.803345,78.500008,0.2,6.26,0.19999999999999996
71385,2022-08-03 11:43:20,0.803125,78.500008,0.2,6.26,0.19999999999999996
71386,2022-08-03 11:43:21,0.80277,78.500008,0.2,6.26,0.19999999999999996
71387,2022-08-03 11:43:22,0.77804,78.500008,0.2,6.26,0.19999999999999996
71388,2022-08-03 11:43:23,0.802586,78.500008,0.2,6.26,0.19999999999999996
71389,2022-08-03 11:43:24,0.802543,78.500008,0.2,6.26,0.19999999999999996
71390,2022-08-03 11:43:25,0.802307,78.599998,0.2,6.26,0.19999999999999996
71391,2022-08-03 11:43:26,0.80222,78.51445,0.2,6.26,0.19999999999999996
71392,2022-08-03 11:43:27,0.801976,78.599998,0.2,6.26,0.19999999999999996
71393,2022-08-03 11:43:28,0.801966,78.599998,0.2,6.26,0.19999999999999996
71394,2022-08-03 11:43:29,0.80181,78.599998,0.2,6.26,0.19999999999999996
71395,2022-08-03 11:43:30,0.801757,78.599998,0.2,6.26,0.19999999999999996
71396,2022-08-03 11:43:31,0.801817,78.599998,0.2,6.26,0.19999999999999996
71397,2022-08-03 11:43:32,0.801557,78.599998,0.2,6.72,0.19999999999999996
71398,2022-08-03 11:43:33,0.801558,78.599998,0.2,6.72,0.19999999999999996
71399,2022-08-03 11:43:34,0.801489,78.599998,0.2,6.72,0.19999999999999996
71400,2022-08-03 11:43:35,0.801428,78.599998,0.2,6.72,0.19999999999999996
71401,2022-08-03 11:43:36,0.801471,78.599998,0.2,6.72,0.19999999999999996
71402,2022-08-03 11:43:37,0.801384,78.699997,0.2,6.72,0.19999999999999996
71403,2022-08-03 11:43:38,0.801348,78.699997,0.2,6.72,0.19999999999999996
71404,2022-08-03 11:43:39,0.801419,78.738007,0.2,6.72,0.19999999999999996
71405,2022-08-03 11:43:40,0.801391,78.699997,0.2,6.72,0.19999999999999996
71406,2022-08-03 11:43:41,0.801321,78.800011,0.2,6.72,0.19999999999999996
71407,2022-08-03 11:43:42,0.798213,78.800011,0.2,6.72,0.19999999999999996
71408,2022-08-03 11:43:43,0.801305,78.800011,0.2,6.72,0.19999999999999996
71409,2022-08-03 11:43:44,0.801349,78.800011,0.2,6.72,0.19999999999999996
71410,2022-08-03 11:43:45,0.801122,78.800011,0.2,6.72,0.19999999999999996
71411,2022-08-03 11:43:46,0.801192,78.800011,0.2,6.72,0.19999999999999996
71412,2022-08-03 11:43:47,0.801122,78.800011,0.2,6.72,0.19999999999999996
71413,2022-08-03 11:43:48,0.801025,78.900002,0.2,6.72,0.19999999999999996
71414,2022-08-03 11:43:49,0.801008,78.814453,0.2,6.72,0.19999999999999996
71415,2022-08-03 11:43:51,0.800955,78.862,0.2,6.72,0.19999999999999996
71416,2022-08-03 11:43:52,0.800982,78.900002,0.2,6.83,0.19999999999999996
71417,2022-08-03 11:43:53,0.801008,78.900002,0.2,6.83,0.19999999999999996
71418,2022-08-03 11:43:54,0.800938,78.900002,0.2,6.83,0.19999999999999996
71419,2022-08-03 11:43:55,0.800912,78.900002,0.2,6.83,0.19999999999999996
71420,2022-08-03 11:43:56,0.800912,79.0,0.2,6.83,0.19999999999999996
71421,2022-08-03 11:43:57,0.800825,79.0,0.2,6.83,0.19999999999999996
71422,2022-08-03 11:43:58,0.800851,79.0,0.2,6.83,0.19999999999999996
71423,2022-08-03 11:43:59,0.800842,79.0,0.2,6.83,0.19999999999999996
71424,2022-08-03 11:44:00,0.800939,79.0,0.2,6.83,0.19999999999999996
71425,2022-08-03 11:44:01,0.800895,79.0,0.2,6.83,0.19999999999999996
71426,2022-08-03 11:44:02,0.800851,79.0,0.2,6.83,0.19999999999999996
71427,2022-08-03 11:44:03,0.800939,79.061996,0.2,6.83,0.19999999999999996
71428,2022-08-03 11:44:04,0.800843,79.099998,0.2,6.83,0.19999999999999996
71429,2022-08-03 11:44:05,0.800895,79.099998,0.2,6.83,0.19999999999999996
71430,2022-08-03 11:44:06,0.800771,79.099998,0.2,6.83,0.19999999999999996
71431,2022-08-03 11:44:07,0.800912,79.161987,0.2,6.83,0.19999999999999996
71432,2022-08-03 11:44:08,0.800799,79.099998,0.2,6.83,0.19999999999999996
71433,2022-08-03 11:44:09,0.800799,79.099998,0.2,6.83,0.19999999999999996
71434,2022-08-03 11:44:10,0.800747,79.138008,0.2,6.94,0.19999999999999996
71435,2022-08-03 11:44:11,0.80073,79.199997,0.2,6.94,0.19999999999999996
71436,2022-08-03 11:44:12,0.800547,79.199997,0.2,6.94,0.19999999999999996
71437,2022-08-03 11:44:13,0.800572,79.199997,0.2,6.94,0.19999999999999996
71438,2022-08-03 11:44:14,0.800642,79.214439,0.2,6.94,0.19999999999999996
71439,2022-08-03 11:44:15,0.800528,79.300003,0.2,6.94,0.19999999999999996
71440,2022-08-03 11:44:16,0.800572,79.300003,0.2,6.94,0.19999999999999996
71441,2022-08-03 11:44:17,0.800572,79.300003,0.2,6.94,0.19999999999999996
71442,2022-08-03 11:44:18,0.800556,79.300003,0.2,6.94,0.6111291818568282
71466,2022-08-03 11:44:40,0.825552,79.600006,0.15,6.99,0.15000000000000002
71467,2022-08-03 11:44:41,0.825378,79.600006,0.15,6.48,0.15000000000000002
71468,2022-08-03 11:44:42,0.825431,79.600006,0.15,6.48,0.15000000000000002
71469,2022-08-03 11:44:43,0.825239,79.600006,0.15,6.48,0.15000000000000002
71470,2022-08-03 11:44:44,0.825038,79.699997,0.15,6.48,0.15000000000000002
71471,2022-08-03 11:44:45,0.825039,79.699997,0.15,6.48,0.15000000000000002
71472,2022-08-03 11:44:46,0.824943,79.699997,0.15,6.48,0.15000000000000002
71473,2022-08-03 11:44:47,0.82497,79.738007,0.15,6.48,0.15000000000000002
71474,2022-08-03 11:44:48,0.824839,79.800003,0.15,6.48,0.15000000000000002
71475,2022-08-03 11:44:49,0.824856,79.800003,0.15,6.48,0.15000000000000002
71476,2022-08-03 11:44:50,0.824743,79.800003,0.15,6.48,0.15000000000000002
71477,2022-08-03 11:44:51,0.82456,79.800003,0.15,6.48,0.15000000000000002
71478,2022-08-03 11:44:52,0.794428,79.800003,0.15,6.48,0.15000000000000002
71479,2022-08-03 11:44:53,0.824358,79.800003,0.15,6.48,0.15000000000000002
71480,2022-08-03 11:44:54,0.82442,79.800003,0.15,6.48,0.15000000000000002
71481,2022-08-03 11:44:55,0.824358,79.800003,0.15,6.48,0.15000000000000002
71482,2022-08-03 11:44:56,0.824447,79.900009,0.15,6.48,0.15000000000000002
71483,2022-08-03 11:44:57,0.82456,79.900009,0.15,6.48,0.15000000000000002
71484,2022-08-03 11:44:58,0.82442,79.900009,0.15,6.48,0.15000000000000002
71485,2022-08-03 11:44:59,0.824463,79.900009,0.15,6.48,0.15000000000000002
71486,2022-08-03 11:45:00,0.824237,79.914452,0.15,6.48,0.15000000000000002
71487,2022-08-03 11:45:01,0.82441,80.0,0.15,6.6,0.15000000000000002
71488,2022-08-03 11:45:02,0.82401,80.0,0.15,6.6,0.15000000000000002
71489,2022-08-03 11:45:03,0.82401,80.0,0.15,6.6,0.15000000000000002
71490,2022-08-03 11:45:04,0.82401,80.0,0.15,6.6,0.15000000000000002
71491,2022-08-03 11:45:05,0.823923,80.0,0.15,6.6,0.15000000000000002
71492,2022-08-03 11:45:06,0.82387,80.03801,0.15,6.6,0.15000000000000002
71493,2022-08-03 11:45:07,0.823984,80.0,0.15,6.6,0.15000000000000002
71494,2022-08-03 11:45:08,0.823801,80.0,0.15,6.6,0.15000000000000002
71495,2022-08-03 11:45:09,0.823931,80.061996,0.15,6.6,0.15000000000000002
71496,2022-08-03 11:45:10,0.823741,80.099998,0.15,6.6,0.15000000000000002
71497,2022-08-03 11:45:11,0.767905,80.099998,0.15,6.6,0.15000000000000002
71498,2022-08-03 11:45:12,0.823757,80.099998,0.15,6.6,0.15000000000000002
71499,2022-08-03 11:45:13,0.823697,80.099998,0.15,6.6,0.15000000000000002
71500,2022-08-03 11:45:14,0.823687,80.199997,0.15,6.6,0.15000000000000002
71501,2022-08-03 11:45:15,0.823618,80.099998,0.15,6.6,0.15000000000000002
71502,2022-08-03 11:45:16,0.823574,80.300003,0.15,6.6,0.15000000000000002
71503,2022-08-03 11:45:17,0.823574,80.199997,0.15,6.6,0.15000000000000002
71504,2022-08-03 11:45:18,0.823471,80.300003,0.15,6.6,0.15000000000000002
71505,2022-08-03 11:45:20,0.823461,80.300003,0.15,6.6,0.15000000000000002
71506,2022-08-03 11:45:21,0.823443,80.300003,0.15,6.6,0.15000000000000002
71507,2022-08-03 11:45:22,0.823548,80.300003,0.15,6.65,0.15000000000000002
71508,2022-08-03 11:45:23,0.823461,80.300003,0.15,6.65,0.15000000000000002
71509,2022-08-03 11:45:24,0.823322,80.300003,0.15,6.65,0.15000000000000002
71510,2022-08-03 11:45:25,0.823435,80.385559,0.15,6.65,0.15000000000000002
71511,2022-08-03 11:45:26,0.823322,80.300003,0.15,6.65,0.15000000000000002
71512,2022-08-03 11:45:27,0.823304,80.400002,0.15,6.65,0.15000000000000002
71513,2022-08-03 11:45:28,0.823347,80.400002,0.15,6.65,0.15000000000000002
71514,2022-08-03 11:45:29,0.823348,80.400002,0.15,6.65,0.15000000000000002
71515,2022-08-03 11:45:30,0.823278,80.400002,0.15,6.65,0.15000000000000002
71516,2022-08-03 11:45:31,0.823278,80.438011,0.15,6.65,0.15000000000000002
71517,2022-08-03 11:45:32,0.743962,80.5,0.15,6.65,0.15000000000000002
71518,2022-08-03 11:45:33,0.823278,80.5,0.15,6.65,0.15000000000000002
71519,2022-08-03 11:45:34,0.823304,80.5,0.15,6.65,0.15000000000000002
71520,2022-08-03 11:45:35,0.823251,80.5,0.15,6.65,0.15000000000000002
71521,2022-08-03 11:45:36,0.823208,80.599998,0.15,6.65,0.15000000000000002
71522,2022-08-03 11:45:37,0.823207,80.5,0.15,6.65,0.15000000000000002
71523,2022-08-03 11:45:38,0.823138,80.585556,0.15,6.65,0.6111291818568282
71547,2022-08-03 11:45:59,0.852445,80.900002,0.1,6.72,0.09999999999999998
71548,2022-08-03 11:46:00,0.852479,81.0,0.1,6.72,0.09999999999999998
71549,2022-08-03 11:46:01,0.852365,81.0,0.1,6.72,0.09999999999999998
71550,2022-08-03 11:46:02,0.852017,81.0,0.1,6.72,0.09999999999999998
71551,2022-08-03 11:46:04,0.851843,81.0,0.1,6.72,0.09999999999999998
71552,2022-08-03 11:46:05,0.851816,81.0,0.1,6.72,0.09999999999999998
71553,2022-08-03 11:46:06,0.851589,81.085556,0.1,6.72,0.09999999999999998
71554,2022-08-03 11:46:07,0.851616,81.0,0.1,6.72,0.09999999999999998
71555,2022-08-03 11:46:08,0.85152,81.099998,0.1,6.72,0.09999999999999998
71556,2022-08-03 11:46:09,0.851364,81.099998,0.1,6.72,0.09999999999999998
71557,2022-08-03 11:46:10,0.851336,81.099998,0.1,6.96,0.09999999999999998
71558,2022-08-03 11:46:11,0.85124,81.099998,0.1,6.96,0.09999999999999998
71559,2022-08-03 11:46:12,0.84435,81.099998,0.1,6.96,0.09999999999999998
71560,2022-08-03 11:46:13,0.85111,81.099998,0.1,6.96,0.09999999999999998
71561,2022-08-03 11:46:14,0.851084,81.099998,0.1,6.96,0.09999999999999998
71562,2022-08-03 11:46:15,0.851023,81.099998,0.1,6.96,0.09999999999999998
71563,2022-08-03 11:46:16,0.850781,81.199997,0.1,6.96,0.09999999999999998
71564,2022-08-03 11:46:17,0.850884,81.238007,0.1,6.96,0.09999999999999998
71565,2022-08-03 11:46:18,0.8507,81.199997,0.1,6.96,0.09999999999999998
71566,2022-08-03 11:46:19,0.850491,81.199997,0.1,6.96,0.09999999999999998
71567,2022-08-03 11:46:20,0.850534,81.238007,0.1,7.0,0.09999999999999998
71568,2022-08-03 11:46:21,0.850534,81.300003,0.1,7.0,0.09999999999999998
71569,2022-08-03 11:46:22,0.84323,81.300003,0.1,7.0,0.09999999999999998
71570,2022-08-03 11:46:23,0.850474,81.300003,0.1,7.0,0.09999999999999998
71571,2022-08-03 11:46:24,0.850352,81.300003,0.1,7.0,0.09999999999999998
71572,2022-08-03 11:46:25,0.850282,81.300003,0.1,7.0,0.09999999999999998
71573,2022-08-03 11:46:26,0.850281,81.314445,0.1,7.0,0.09999999999999998
71574,2022-08-03 11:46:27,0.850151,81.314445,0.1,7.0,0.09999999999999998
71575,2022-08-03 11:46:28,0.850239,81.300003,0.1,7.0,0.09999999999999998
71576,2022-08-03 11:46:29,0.850168,81.400002,0.1,7.0,0.09999999999999998
71577,2022-08-03 11:46:30,0.850125,81.485565,0.1,7.03,0.09999999999999998
71578,2022-08-03 11:46:31,0.850098,81.5,0.1,7.03,0.09999999999999998
71579,2022-08-03 11:46:32,0.847879,81.5,0.1,7.03,0.09999999999999998
71580,2022-08-03 11:46:33,0.849942,81.5,0.1,7.03,0.09999999999999998
71581,2022-08-03 11:46:34,0.849872,81.5,0.1,7.03,0.09999999999999998
71582,2022-08-03 11:46:35,0.849828,81.5,0.1,7.03,0.09999999999999998
71583,2022-08-03 11:46:36,0.849872,81.5,0.1,7.03,0.09999999999999998
71584,2022-08-03 11:46:37,0.849802,81.600006,0.1,7.03,0.09999999999999998
71585,2022-08-03 11:46:38,0.849828,81.600006,0.1,7.03,0.09999999999999998
71586,2022-08-03 11:46:39,0.849742,81.600006,0.1,7.03,0.09999999999999998
71587,2022-08-03 11:46:40,0.849672,81.600006,0.1,7.06,0.09999999999999998
71588,2022-08-03 11:46:41,0.849672,81.600006,0.1,7.06,0.09999999999999998
71589,2022-08-03 11:46:42,0.847496,81.600006,0.1,7.06,0.09999999999999998
71590,2022-08-03 11:46:43,0.849732,81.600006,0.1,7.06,0.09999999999999998
71591,2022-08-03 11:46:44,0.849506,81.600006,0.1,7.06,0.09999999999999998
71592,2022-08-03 11:46:45,0.849559,81.699997,0.1,7.06,0.09999999999999998
71593,2022-08-03 11:46:46,0.849602,81.699997,0.1,7.06,0.09999999999999998
71594,2022-08-03 11:46:47,0.84942,81.699997,0.1,7.06,0.09999999999999998
71595,2022-08-03 11:46:49,0.849549,81.800003,0.1,7.06,0.09999999999999998
71596,2022-08-03 11:46:50,0.849505,81.738007,0.1,7.06,0.09999999999999998
71597,2022-08-03 11:46:51,0.849489,81.800003,0.1,7.09,0.09999999999999998
71598,2022-08-03 11:46:52,0.849489,81.800003,0.1,7.09,0.09999999999999998
71599,2022-08-03 11:46:53,0.849156,81.800003,0.1,7.09,0.09999999999999998
71600,2022-08-03 11:46:54,0.849323,81.800003,0.1,7.09,0.09999999999999998
71601,2022-08-03 11:46:55,0.849269,81.800003,0.1,7.09,0.09999999999999998
71602,2022-08-03 11:46:56,0.849096,81.885567,0.1,7.09,0.09999999999999998
71603,2022-08-03 11:46:57,0.84907,81.900009,0.1,7.09,0.09999999999999998
71604,2022-08-03 11:46:58,0.849149,81.900009,0.1,7.09,0.09999999999999998
71605,2022-08-03 11:46:59,0.849139,81.900009,0.1,7.09,0.09999999999999998
71606,2022-08-03 11:46:59,0.849026,82.0,0.1,7.09,0.6111291818568282
71632,2022-08-03 11:47:22,0.876013,82.300003,0.05,7.34,0.04999999999999999
71633,2022-08-03 11:47:22,0.887252,82.300003,0.05,7.34,0.04999999999999999
71634,2022-08-03 11:47:23,0.88713,82.300003,0.05,7.34,0.04999999999999999
71635,2022-08-03 11:47:24,0.886989,82.300003,0.05,7.34,0.04999999999999999
71636,2022-08-03 11:47:25,0.886816,82.400002,0.05,7.34,0.04999999999999999
71637,2022-08-03 11:47:26,0.886719,82.400002,0.05,7.34,0.04999999999999999
71638,2022-08-03 11:47:27,0.886546,82.400002,0.05,7.34,0.04999999999999999
71639,2022-08-03 11:47:28,0.886477,82.5,0.05,7.34,0.04999999999999999
71640,2022-08-03 11:47:29,0.88638,82.400002,0.05,7.51,0.04999999999999999
71641,2022-08-03 11:47:30,0.88638,82.5,0.05,7.51,0.04999999999999999
71642,2022-08-03 11:47:31,0.876007,82.5,0.05,7.51,0.04999999999999999
71643,2022-08-03 11:47:33,0.886128,82.5,0.05,7.51,0.04999999999999999
71644,2022-08-03 11:47:34,0.886057,82.5,0.05,7.51,0.04999999999999999
71645,2022-08-03 11:47:35,0.885987,82.5,0.05,7.51,0.04999999999999999
71646,2022-08-03 11:47:36,0.885874,82.5,0.05,7.51,0.04999999999999999
71647,2022-08-03 11:47:37,0.885814,82.561989,0.05,7.51,0.04999999999999999
71648,2022-08-03 11:47:38,0.885718,82.5,0.05,7.51,0.04999999999999999
71649,2022-08-03 11:47:39,0.885831,82.599998,0.05,7.51,0.04999999999999999
71650,2022-08-03 11:47:40,0.885718,82.599998,0.05,7.58,0.04999999999999999
71651,2022-08-03 11:47:41,0.885544,82.599998,0.05,7.58,0.04999999999999999
71652,2022-08-03 11:47:42,0.859926,82.599998,0.05,7.58,0.04999999999999999
71653,2022-08-03 11:47:43,0.885195,82.700005,0.05,7.58,0.04999999999999999
71654,2022-08-03 11:47:44,0.885168,82.599998,0.05,7.58,0.04999999999999999
71655,2022-08-03 11:47:45,0.885212,82.661995,0.05,7.58,0.04999999999999999
71656,2022-08-03 11:47:46,0.885142,82.700005,0.05,7.58,0.04999999999999999
71657,2022-08-03 11:47:47,0.884968,82.700005,0.05,7.58,0.04999999999999999
71658,2022-08-03 11:47:48,0.885029,82.800003,0.05,7.58,0.04999999999999999
71659,2022-08-03 11:47:49,0.885003,82.800003,0.05,7.58,0.04999999999999999
71660,2022-08-03 11:47:50,0.884915,82.800003,0.05,7.63,0.04999999999999999
71661,2022-08-03 11:47:51,0.884872,82.800003,0.05,7.63,0.04999999999999999
71662,2022-08-03 11:47:52,0.859256,82.800003,0.05,7.63,0.04999999999999999
71663,2022-08-03 11:47:53,0.884776,82.800003,0.05,7.63,0.04999999999999999
71664,2022-08-03 11:47:54,0.884716,82.800003,0.05,7.63,0.04999999999999999
71665,2022-08-03 11:47:55,0.884715,82.800003,0.05,7.63,0.04999999999999999
71666,2022-08-03 11:47:56,0.884679,82.900002,0.05,7.63,0.04999999999999999
71667,2022-08-03 11:47:57,0.884506,82.900002,0.05,7.63,0.04999999999999999
71668,2022-08-03 11:47:58,0.884533,83.000008,0.05,7.63,0.04999999999999999
71669,2022-08-03 11:47:59,0.884462,83.000008,0.05,7.63,0.04999999999999999
71670,2022-08-03 11:48:00,0.884409,83.000008,0.05,7.67,0.04999999999999999
71671,2022-08-03 11:48:01,0.884392,83.000008,0.05,7.67,0.04999999999999999
71672,2022-08-03 11:48:02,0.85459,83.000008,0.05,7.67,0.04999999999999999
71673,2022-08-03 11:48:03,0.884383,83.000008,0.05,7.67,0.04999999999999999
71674,2022-08-03 11:48:04,0.884253,83.000008,0.05,7.67,0.04999999999999999
71675,2022-08-03 11:48:05,0.884409,83.000008,0.05,7.67,0.04999999999999999
71676,2022-08-03 11:48:06,0.884112,83.099998,0.05,7.67,0.04999999999999999
71677,2022-08-03 11:48:07,0.884165,83.099998,0.05,7.67,0.04999999999999999
71678,2022-08-03 11:48:08,0.883887,83.099998,0.05,7.67,0.04999999999999999
71679,2022-08-03 11:48:09,0.88408,83.099998,0.05,7.71,0.04999999999999999
71680,2022-08-03 11:48:10,0.883887,83.099998,0.05,7.71,0.04999999999999999
71681,2022-08-03 11:48:11,0.855001,83.099998,0.05,7.71,0.04999999999999999
71682,2022-08-03 11:48:12,0.883843,83.099998,0.05,7.71,0.04999999999999999
71683,2022-08-03 11:48:13,0.883887,83.199997,0.05,7.71,0.04999999999999999
71684,2022-08-03 11:48:14,0.883773,83.199997,0.05,7.71,0.04999999999999999
71685,2022-08-03 11:48:15,0.883791,83.199997,0.05,7.71,0.04999999999999999
71686,2022-08-03 11:48:17,0.883686,83.199997,0.05,7.71,0.04999999999999999
71687,2022-08-03 11:48:18,0.883703,83.199997,0.05,7.71,0.04999999999999999
71688,2022-08-03 11:48:19,0.883703,83.300011,0.05,7.71,0.04999999999999999
71689,2022-08-03 11:48:20,0.88366,83.300011,0.05,7.75,0.04999999999999999
71690,2022-08-03 11:48:21,0.883703,83.300011,0.05,7.75,0.04999999999999999
71691,2022-08-03 11:48:22,0.853747,83.300011,0.05,7.75,0.6111291818568282
71714,2022-08-03 11:48:42,0.919599,83.599998,0.02,7.94,0.020000000000000004
71715,2022-08-03 11:48:43,0.920604,83.599998,0.02,7.94,0.020000000000000004
71716,2022-08-03 11:48:44,0.920394,83.638008,0.02,7.94,0.020000000000000004
71717,2022-08-03 11:48:45,0.920142,83.699997,0.02,7.94,0.020000000000000004
71718,2022-08-03 11:48:46,0.919976,83.699997,0.02,7.94,0.020000000000000004
71719,2022-08-03 11:48:47,0.919733,83.699997,0.02,7.94,0.020000000000000004
71720,2022-08-03 11:48:48,0.919705,83.699997,0.02,7.94,0.020000000000000004
71721,2022-08-03 11:48:49,0.919653,83.699997,0.02,7.94,0.020000000000000004
71722,2022-08-03 11:48:50,0.919479,83.699997,0.02,8.17,0.020000000000000004
71723,2022-08-03 11:48:51,0.919469,83.800003,0.02,8.17,0.020000000000000004
71724,2022-08-03 11:48:52,0.919234,83.800003,0.02,8.17,0.020000000000000004
71725,2022-08-03 11:48:53,0.919322,83.800003,0.02,8.17,0.020000000000000004
71726,2022-08-03 11:48:54,0.919217,83.800003,0.02,8.17,0.020000000000000004
71727,2022-08-03 11:48:55,0.919008,83.800003,0.02,8.17,0.020000000000000004
71728,2022-08-03 11:48:56,0.91886,83.800003,0.02,8.17,0.020000000000000004
71729,2022-08-03 11:48:57,0.918763,83.885559,0.02,8.17,0.020000000000000004
71730,2022-08-03 11:48:58,0.918748,83.800003,0.02,8.17,0.020000000000000004
71731,2022-08-03 11:48:59,0.918624,83.800003,0.02,8.17,0.020000000000000004
71732,2022-08-03 11:49:00,0.918695,83.800003,0.02,8.26,0.020000000000000004
71733,2022-08-03 11:49:02,0.918538,83.900002,0.02,8.26,0.020000000000000004
71734,2022-08-03 11:49:03,0.918232,84.0,0.02,8.26,0.020000000000000004
71735,2022-08-03 11:49:04,0.918381,84.0,0.02,8.26,0.020000000000000004
71736,2022-08-03 11:49:05,0.918225,84.0,0.02,8.26,0.020000000000000004
71737,2022-08-03 11:49:06,0.918258,84.0,0.02,8.26,0.020000000000000004
71738,2022-08-03 11:49:07,0.918145,84.0,0.02,8.26,0.020000000000000004
71739,2022-08-03 11:49:08,0.918067,84.0,0.02,8.26,0.020000000000000004
71740,2022-08-03 11:49:09,0.918145,84.0,0.02,8.26,0.020000000000000004
71741,2022-08-03 11:49:10,0.917998,84.0,0.02,8.33,0.020000000000000004
71742,2022-08-03 11:49:11,0.917918,84.061996,0.02,8.33,0.020000000000000004
71743,2022-08-03 11:49:12,0.917762,84.0,0.02,8.33,0.020000000000000004
71744,2022-08-03 11:49:13,0.917622,84.0,0.02,8.33,0.020000000000000004
71745,2022-08-03 11:49:14,0.917762,84.0,0.02,8.33,0.020000000000000004
71746,2022-08-03 11:49:15,0.917622,84.061996,0.02,8.33,0.020000000000000004
71747,2022-08-03 11:49:16,0.917395,84.100006,0.02,8.33,0.020000000000000004
71748,2022-08-03 11:49:17,0.917326,84.100006,0.02,8.33,0.020000000000000004
71749,2022-08-03 11:49:18,0.917282,84.100006,0.02,8.33,0.020000000000000004
71750,2022-08-03 11:49:19,0.917343,84.100006,0.02,8.33,0.020000000000000004
71751,2022-08-03 11:49:20,0.917239,84.100006,0.02,8.37,0.020000000000000004
71752,2022-08-03 11:49:21,0.917255,84.100006,0.02,8.37,0.020000000000000004
71753,2022-08-03 11:49:22,0.917169,84.100006,0.02,8.37,0.020000000000000004
71754,2022-08-03 11:49:23,0.917186,84.100006,0.02,8.37,0.020000000000000004
71755,2022-08-03 11:49:24,0.916987,84.100006,0.02,8.37,0.020000000000000004
71756,2022-08-03 11:49:25,0.916916,84.199997,0.02,8.37,0.020000000000000004
71757,2022-08-03 11:49:26,0.916873,84.100006,0.02,8.37,0.020000000000000004
71758,2022-08-03 11:49:27,0.916873,84.199997,0.02,8.37,0.020000000000000004
71759,2022-08-03 11:49:28,0.916803,84.199997,0.02,8.37,0.020000000000000004
71760,2022-08-03 11:49:29,0.916706,84.300003,0.02,8.37,0.020000000000000004
71761,2022-08-03 11:49:30,0.916785,84.300003,0.02,8.41,0.020000000000000004
71762,2022-08-03 11:49:31,0.916689,84.199997,0.02,8.41,0.020000000000000004
71763,2022-08-03 11:49:32,0.916654,84.300003,0.02,8.41,0.020000000000000004
71764,2022-08-03 11:49:33,0.916663,84.300003,0.02,8.41,0.020000000000000004
71765,2022-08-03 11:49:34,0.916523,84.300003,0.02,8.41,0.020000000000000004
71766,2022-08-03 11:49:35,0.916593,84.300003,0.02,8.41,0.020000000000000004
71767,2022-08-03 11:49:36,0.916523,84.300003,0.02,8.41,0.020000000000000004
71768,2022-08-03 11:49:37,0.916435,84.300003,0.02,8.41,0.020000000000000004
71769,2022-08-03 11:49:38,0.916392,84.300003,0.02,8.41,0.020000000000000004
71770,2022-08-03 11:49:39,0.916306,84.300003,0.02,8.41,0.020000000000000004
71771,2022-08-03 11:49:40,0.916394,84.300003,0.02,8.44,0.020000000000000004
71772,2022-08-03 11:49:41,0.916339,84.300003,0.02,8.44,0.6111291818568282
