,timer,AI.U.E.Co.Tb.1 [V],AI.T.Air.ST.UUT.out [°C],current density [A/cm2],HFR [mOhm],mean current density [A/cm2]
153006,2022-08-08 08:09:25,0.36095,84.300003,1.4,-99.0,1.4000000000000006
153007,2022-08-08 08:09:25,0.36095,84.300003,1.4,-99.0,1.4000000000000006
153008,2022-08-08 08:09:26,0.361899,84.300003,1.4,-99.0,1.4000000000000006
153009,2022-08-08 08:09:27,0.318796,84.300003,1.4,-99.0,1.4000000000000006
153010,2022-08-08 08:09:28,0.361905,84.300003,1.4,-99.0,1.4000000000000006
153011,2022-08-08 08:09:29,0.361843,84.300003,1.4,-99.0,1.4000000000000006
153012,2022-08-08 08:09:30,0.362141,84.300003,1.4,-99.0,1.4000000000000006
153013,2022-08-08 08:09:32,0.362136,84.300003,1.4,-99.0,1.4000000000000006
153014,2022-08-08 08:09:33,0.363257,84.285561,1.4,-99.0,1.4000000000000006
153015,2022-08-08 08:09:34,0.363086,84.199997,1.4,-99.0,1.4000000000000006
153016,2022-08-08 08:09:35,0.363648,84.300003,1.4,-99.0,1.4000000000000006
153017,2022-08-08 08:09:36,0.363922,84.261993,1.4,-99.0,1.4000000000000006
153018,2022-08-08 08:09:37,0.363547,84.100006,1.4,-99.0,1.4000000000000006
153019,2022-08-08 08:09:38,0.365068,84.100006,1.4,7.67,1.4000000000000006
153020,2022-08-08 08:09:39,0.365455,84.199997,1.4,7.67,1.4000000000000006
153021,2022-08-08 08:09:40,0.365706,84.199997,1.4,7.67,1.4000000000000006
153022,2022-08-08 08:09:41,0.366089,84.100006,1.4,7.67,1.4000000000000006
153023,2022-08-08 08:09:42,0.366442,84.100006,1.4,7.67,1.4000000000000006
153024,2022-08-08 08:09:43,0.366784,84.100006,1.4,7.67,1.4000000000000006
153025,2022-08-08 08:09:44,0.366875,84.100006,1.4,7.67,1.4000000000000006
153026,2022-08-08 08:09:45,0.36713,84.0,1.4,7.67,1.4000000000000006
153027,2022-08-08 08:09:46,0.367243,84.100006,1.4,7.67,1.4000000000000006
153028,2022-08-08 08:09:47,0.360933,84.0,1.4,7.67,1.4000000000000006
153029,2022-08-08 08:09:48,0.367906,84.0,1.4,7.67,1.4000000000000006
153030,2022-08-08 08:09:49,0.368497,84.0,1.4,7.67,1.4000000000000006
153031,2022-08-08 08:09:50,0.368267,84.0,1.4,7.67,1.4000000000000006
153032,2022-08-08 08:09:51,0.368217,84.0,1.4,7.67,1.4000000000000006
153033,2022-08-08 08:09:52,0.368352,84.0,1.4,7.67,1.4000000000000006
153034,2022-08-08 08:09:53,0.368449,84.0,1.4,7.67,1.4000000000000006
153035,2022-08-08 08:09:54,0.369103,84.0,1.4,7.67,1.4000000000000006
153036,2022-08-08 08:09:55,0.368998,83.900002,1.4,7.67,1.4000000000000006
153037,2022-08-08 08:09:56,0.369167,83.900002,1.4,7.67,1.4000000000000006
153038,2022-08-08 08:09:57,0.369813,83.900002,1.4,7.51,1.4000000000000006
153039,2022-08-08 08:09:58,0.369629,83.800003,1.4,7.51,1.4000000000000006
153040,2022-08-08 08:09:59,0.369598,83.800003,1.4,7.51,1.4000000000000006
153041,2022-08-08 08:10:00,0.369989,83.800003,1.4,7.51,1.4000000000000006
153042,2022-08-08 08:10:01,0.369572,83.800003,1.4,7.51,1.4000000000000006
153043,2022-08-08 08:10:02,0.370042,83.800003,1.4,7.51,1.4000000000000006
153044,2022-08-08 08:10:03,0.37026,83.800003,1.4,7.51,1.4000000000000006
153045,2022-08-08 08:10:04,0.370689,83.800003,1.4,7.51,1.4000000000000006
153046,2022-08-08 08:10:05,0.370825,83.699997,1.4,7.51,1.4000000000000006
153047,2022-08-08 08:10:06,0.370892,83.800003,1.4,7.51,1.4000000000000006
153048,2022-08-08 08:10:07,0.369806,83.699997,1.4,7.51,1.4000000000000006
153049,2022-08-08 08:10:08,0.371298,83.699997,1.4,7.51,1.4000000000000006
153050,2022-08-08 08:10:09,0.371262,83.685562,1.4,7.51,1.4000000000000006
153051,2022-08-08 08:10:10,0.371188,83.599998,1.4,7.51,1.4000000000000006
153052,2022-08-08 08:10:11,0.371683,83.685562,1.4,7.51,1.4000000000000006
153053,2022-08-08 08:10:12,0.371919,83.599998,1.4,7.51,1.4000000000000006
153054,2022-08-08 08:10:13,0.370608,83.599998,1.4,7.51,1.4000000000000006
153055,2022-08-08 08:10:14,0.371804,83.599998,1.4,7.51,1.4000000000000006
153056,2022-08-08 08:10:16,0.371989,83.599998,1.4,7.46,1.4000000000000006
153057,2022-08-08 08:10:17,0.372158,83.599998,1.4,7.46,1.4000000000000006
153058,2022-08-08 08:10:18,0.37194,83.5,1.4,7.46,1.4000000000000006
153059,2022-08-08 08:10:19,0.372494,83.5,1.4,7.46,1.4000000000000006
153060,2022-08-08 08:10:20,0.372683,83.5,1.4,7.46,1.4000000000000006
153061,2022-08-08 08:10:21,0.372851,83.5,1.4,7.46,1.4000000000000006
153062,2022-08-08 08:10:22,0.373138,83.5,1.4,7.46,1.4000000000000006
153063,2022-08-08 08:10:23,0.37278,83.5,1.4,7.46,1.4000000000000006
153064,2022-08-08 08:10:24,0.372996,83.5,1.4,7.46,1.4000000000000006
153065,2022-08-08 08:10:25,0.373467,83.400002,1.4,7.46,1.4000000000000006
153066,2022-08-08 08:10:25,0.37339,83.400002,1.4,7.44,0.6111291818568282
153088,2022-08-08 08:10:46,0.444294,83.000008,1.2,7.52,1.1998305084745764
153089,2022-08-08 08:10:46,0.438984,82.938011,1.2,7.52,1.1998305084745764
153090,2022-08-08 08:10:47,0.444715,82.900002,1.2,7.52,1.1998305084745764
153091,2022-08-08 08:10:48,0.444881,82.800003,1.2,7.52,1.1998305084745764
153092,2022-08-08 08:10:49,0.445383,82.900002,1.2,7.52,1.1998305084745764
153093,2022-08-08 08:10:50,0.445282,82.800003,1.2,7.52,1.1998305084745764
153094,2022-08-08 08:10:51,0.445664,82.800003,1.2,7.52,1.1998305084745764
153095,2022-08-08 08:10:52,0.445841,82.800003,1.2,7.52,1.1998305084745764
153096,2022-08-08 08:10:53,0.44651,82.761993,1.2,7.52,1.1998305084745764
153097,2022-08-08 08:10:54,0.446571,82.800003,1.2,7.35,1.1998305084745764
153098,2022-08-08 08:10:55,0.446623,82.700005,1.2,7.35,1.1998305084745764
153099,2022-08-08 08:10:56,0.433577,82.661995,1.2,7.35,1.1998305084745764
153100,2022-08-08 08:10:57,0.446905,82.599998,1.2,7.35,1.1998305084745764
153101,2022-08-08 08:10:58,0.446885,82.599998,1.2,7.35,1.1998305084745764
153102,2022-08-08 08:10:59,0.447426,82.599998,1.2,7.35,1.1998305084745764
153103,2022-08-08 08:11:01,0.447766,82.5,1.2,7.35,1.1998305084745764
153104,2022-08-08 08:11:02,0.448078,82.5,1.2,7.35,1.1998305084745764
153105,2022-08-08 08:11:03,0.448167,82.5,1.2,7.35,1.1998305084745764
153106,2022-08-08 08:11:04,0.44816,82.5,1.2,7.35,1.1998305084745764
153107,2022-08-08 08:11:05,0.448567,82.5,1.2,7.35,1.1998305084745764
153108,2022-08-08 08:11:06,0.448481,82.400002,1.2,7.27,1.1998305084745764
153109,2022-08-08 08:11:07,0.397567,82.314445,1.2,7.27,1.1998305084745764
153110,2022-08-08 08:11:08,0.448665,82.400002,1.2,7.27,1.1998305084745764
153111,2022-08-08 08:11:09,0.448724,82.300003,1.2,7.27,1.1998305084745764
153112,2022-08-08 08:11:10,0.449056,82.300003,1.2,7.27,1.1998305084745764
153113,2022-08-08 08:11:11,0.449659,82.300003,1.2,7.27,1.1998305084745764
153114,2022-08-08 08:11:12,0.449666,82.199997,1.2,7.27,1.1998305084745764
153115,2022-08-08 08:11:13,0.44972,82.199997,1.2,7.27,1.1998305084745764
153116,2022-08-08 08:11:14,0.449881,82.199997,1.2,7.27,1.1998305084745764
153117,2022-08-08 08:11:15,0.450223,82.099998,1.2,7.27,1.1998305084745764
153118,2022-08-08 08:11:16,0.450345,82.099998,1.2,7.23,1.1998305084745764
153119,2022-08-08 08:11:17,0.403735,82.099998,1.2,7.23,1.1998305084745764
153120,2022-08-08 08:11:18,0.450827,82.061996,1.2,7.23,1.1998305084745764
153121,2022-08-08 08:11:19,0.450906,82.0,1.2,7.23,1.1998305084745764
153122,2022-08-08 08:11:20,0.450853,82.0,1.2,7.23,1.1998305084745764
153123,2022-08-08 08:11:21,0.450966,82.0,1.2,7.23,1.1998305084745764
153124,2022-08-08 08:11:22,0.451115,82.0,1.2,7.23,1.1998305084745764
153125,2022-08-08 08:11:23,0.451149,81.900009,1.2,7.23,1.1998305084745764
153126,2022-08-08 08:11:24,0.451078,81.900009,1.2,7.23,1.1998305084745764
153127,2022-08-08 08:11:25,0.451599,81.800003,1.2,7.23,1.1998305084745764
153128,2022-08-08 08:11:26,0.451762,81.900009,1.2,7.2,1.1998305084745764
153130,2022-08-08 08:11:28,0.452076,81.800003,1.2,7.2,1.1998305084745764
153131,2022-08-08 08:11:29,0.452299,81.800003,1.2,7.2,1.1998305084745764
153132,2022-08-08 08:11:30,0.452068,81.800003,1.2,7.2,1.1998305084745764
153133,2022-08-08 08:11:31,0.452518,81.714447,1.2,7.2,1.1998305084745764
153134,2022-08-08 08:11:32,0.452798,81.699997,1.2,7.2,1.1998305084745764
153135,2022-08-08 08:11:33,0.45277,81.600006,1.2,7.2,1.1998305084745764
153136,2022-08-08 08:11:34,0.452832,81.600006,1.2,7.16,1.1998305084745764
153137,2022-08-08 08:11:35,0.452649,81.600006,1.2,7.16,1.1998305084745764
153138,2022-08-08 08:11:36,0.386138,81.5,1.2,7.16,1.1998305084745764
153139,2022-08-08 08:11:37,0.453434,81.5,1.2,7.16,1.1998305084745764
153140,2022-08-08 08:11:38,0.453031,81.5,1.2,7.16,1.1998305084745764
153141,2022-08-08 08:11:39,0.453574,81.5,1.2,7.16,1.1998305084745764
153142,2022-08-08 08:11:40,0.453678,81.5,1.2,7.16,1.1998305084745764
153143,2022-08-08 08:11:41,0.454034,81.5,1.2,7.16,1.1998305084745764
153144,2022-08-08 08:11:42,0.454056,81.400002,1.2,7.16,1.1998305084745764
153145,2022-08-08 08:11:43,0.454094,81.400002,1.2,7.16,1.1998305084745764
153146,2022-08-08 08:11:45,0.453984,81.362,1.2,7.14,1.1998305084745764
153147,2022-08-08 08:11:46,0.454332,81.300003,1.2,7.14,0.6111291818568282
153169,2022-08-08 08:12:06,0.51801,80.800003,1.0,7.25,1.0
153170,2022-08-08 08:12:07,0.465406,80.800003,1.0,7.25,1.0
153171,2022-08-08 08:12:08,0.51809,80.800003,1.0,7.25,1.0
153172,2022-08-08 08:12:09,0.518341,80.800003,1.0,7.25,1.0
153173,2022-08-08 08:12:10,0.518326,80.699997,1.0,7.25,1.0
153174,2022-08-08 08:12:11,0.518813,80.699997,1.0,7.25,1.0
153175,2022-08-08 08:12:12,0.518907,80.699997,1.0,7.25,1.0
153176,2022-08-08 08:12:13,0.519276,80.599998,1.0,7.25,1.0
153177,2022-08-08 08:12:14,0.519222,80.599998,1.0,7.25,1.0
153178,2022-08-08 08:12:15,0.519319,80.599998,1.0,7.12,1.0
153179,2022-08-08 08:12:16,0.519362,80.5,1.0,7.12,1.0
153180,2022-08-08 08:12:17,0.493959,80.5,1.0,7.12,1.0
153181,2022-08-08 08:12:18,0.519755,80.5,1.0,7.12,1.0
153182,2022-08-08 08:12:19,0.519914,80.400002,1.0,7.12,1.0
153183,2022-08-08 08:12:20,0.520007,80.400002,1.0,7.12,1.0
153184,2022-08-08 08:12:21,0.52026,80.400002,1.0,7.12,1.0
153185,2022-08-08 08:12:22,0.520426,80.300003,1.0,7.12,1.0
153186,2022-08-08 08:12:23,0.520426,80.300003,1.0,7.12,1.0
153187,2022-08-08 08:12:24,0.520547,80.300003,1.0,7.12,1.0
153188,2022-08-08 08:12:25,0.520635,80.300003,1.0,7.12,1.0
153189,2022-08-08 08:12:26,0.521122,80.300003,1.0,7.06,1.0
153190,2022-08-08 08:12:27,0.521122,80.199997,1.0,7.06,1.0
153191,2022-08-08 08:12:28,0.521352,80.099998,1.0,7.06,1.0
153192,2022-08-08 08:12:30,0.521352,80.099998,1.0,7.06,1.0
153193,2022-08-08 08:12:31,0.521611,80.099998,1.0,7.06,1.0
153194,2022-08-08 08:12:32,0.521716,80.099998,1.0,7.06,1.0
153195,2022-08-08 08:12:33,0.521829,80.0,1.0,7.06,1.0
153196,2022-08-08 08:12:34,0.522038,80.0,1.0,7.06,1.0
153197,2022-08-08 08:12:35,0.522331,80.0,1.0,7.06,1.0
153198,2022-08-08 08:12:36,0.521949,80.0,1.0,7.06,1.0
153199,2022-08-08 08:12:37,0.518054,79.900009,1.0,7.06,1.0
153200,2022-08-08 08:12:38,0.522493,79.900009,1.0,7.06,1.0
153201,2022-08-08 08:12:39,0.522947,79.800003,1.0,7.06,1.0
153202,2022-08-08 08:12:40,0.523067,79.800003,1.0,7.06,1.0
153203,2022-08-08 08:12:41,0.523032,79.800003,1.0,7.06,1.0
153204,2022-08-08 08:12:42,0.523373,79.800003,1.0,7.06,1.0
153205,2022-08-08 08:12:43,0.52332,79.800003,1.0,7.06,1.0
153206,2022-08-08 08:12:44,0.523556,79.714439,1.0,7.06,1.0
153207,2022-08-08 08:12:45,0.523477,79.761993,1.0,7.0,1.0
153208,2022-08-08 08:12:46,0.523984,79.699997,1.0,7.0,1.0
153209,2022-08-08 08:12:47,0.522883,79.699997,1.0,7.0,1.0
153210,2022-08-08 08:12:48,0.524044,79.600006,1.0,7.0,1.0
153211,2022-08-08 08:12:49,0.524062,79.600006,1.0,7.0,1.0
153212,2022-08-08 08:12:50,0.524226,79.600006,1.0,7.0,1.0
153213,2022-08-08 08:12:51,0.524351,79.5,1.0,7.0,1.0
153214,2022-08-08 08:12:52,0.524681,79.561996,1.0,7.0,1.0
153215,2022-08-08 08:12:53,0.524375,79.5,1.0,7.0,1.0
153216,2022-08-08 08:12:54,0.525056,79.5,1.0,7.0,1.0
153217,2022-08-08 08:12:55,0.525275,79.5,1.0,6.93,1.0
153218,2022-08-08 08:12:56,0.52501,79.5,1.0,6.93,1.0
153219,2022-08-08 08:12:57,0.524506,79.400002,1.0,6.93,1.0
153220,2022-08-08 08:12:58,0.525222,79.400002,1.0,6.93,1.0
153221,2022-08-08 08:12:59,0.525274,79.400002,1.0,6.93,1.0
153222,2022-08-08 08:13:00,0.525536,79.400002,1.0,6.93,1.0
153223,2022-08-08 08:13:01,0.525718,79.300003,1.0,6.93,1.0
153224,2022-08-08 08:13:02,0.525509,79.300003,1.0,6.93,1.0
153225,2022-08-08 08:13:03,0.525978,79.300003,1.0,6.93,1.0
153226,2022-08-08 08:13:04,0.525569,79.300003,1.0,6.93,1.0
153227,2022-08-08 08:13:05,0.526206,79.238007,1.0,6.91,1.0
153228,2022-08-08 08:13:06,0.526094,79.300003,1.0,6.91,0.6111291818568282
153250,2022-08-08 08:13:26,0.588392,78.800011,0.8,6.89,0.7999999999999997
153251,2022-08-08 08:13:27,0.588392,78.800011,0.8,6.89,0.7999999999999997
153252,2022-08-08 08:13:28,0.588473,78.785568,0.8,6.89,0.7999999999999997
153253,2022-08-08 08:13:29,0.588299,78.699997,0.8,6.89,0.7999999999999997
153254,2022-08-08 08:13:30,0.588533,78.614441,0.8,6.89,0.7999999999999997
153255,2022-08-08 08:13:31,0.588091,78.685555,0.8,6.89,0.7999999999999997
153256,2022-08-08 08:13:32,0.588586,78.599998,0.8,6.89,0.7999999999999997
153257,2022-08-08 08:13:33,0.588673,78.599998,0.8,6.89,0.7999999999999997
153258,2022-08-08 08:13:34,0.588803,78.599998,0.8,6.89,0.7999999999999997
153259,2022-08-08 08:13:35,0.58876,78.500008,0.8,6.93,0.7999999999999997
153260,2022-08-08 08:13:36,0.588141,78.500008,0.8,6.93,0.7999999999999997
153261,2022-08-08 08:13:37,0.588075,78.500008,0.8,6.93,0.7999999999999997
153262,2022-08-08 08:13:38,0.589013,78.500008,0.8,6.93,0.7999999999999997
153263,2022-08-08 08:13:39,0.589082,78.500008,0.8,6.93,0.7999999999999997
153264,2022-08-08 08:13:40,0.589056,78.423988,0.8,6.93,0.7999999999999997
153265,2022-08-08 08:13:41,0.589378,78.362,0.8,6.93,0.7999999999999997
153266,2022-08-08 08:13:42,0.589352,78.300003,0.8,6.93,0.7999999999999997
153267,2022-08-08 08:13:43,0.589465,78.300003,0.8,6.93,0.7999999999999997
153268,2022-08-08 08:13:44,0.58958,78.300003,0.8,6.88,0.7999999999999997
153269,2022-08-08 08:13:45,0.589648,78.300003,0.8,6.88,0.7999999999999997
153270,2022-08-08 08:13:46,0.577746,78.200005,0.8,6.88,0.7999999999999997
153271,2022-08-08 08:13:47,0.589632,78.200005,0.8,6.88,0.7999999999999997
153272,2022-08-08 08:13:48,0.590041,78.200005,0.8,6.88,0.7999999999999997
153273,2022-08-08 08:13:49,0.590023,78.185562,0.8,6.88,0.7999999999999997
153274,2022-08-08 08:13:50,0.590226,78.200005,0.8,6.88,0.7999999999999997
153275,2022-08-08 08:13:51,0.590365,78.114441,0.8,6.88,0.7999999999999997
153276,2022-08-08 08:13:52,0.590337,78.114441,0.8,6.88,0.7999999999999997
153277,2022-08-08 08:13:53,0.590364,78.099998,0.8,6.88,0.7999999999999997
153278,2022-08-08 08:13:54,0.590347,78.099998,0.8,6.85,0.7999999999999997
153279,2022-08-08 08:13:55,0.590512,78.099998,0.8,6.85,0.7999999999999997
153280,2022-08-08 08:13:56,0.547851,78.099998,0.8,6.85,0.7999999999999997
153281,2022-08-08 08:13:57,0.590687,78.0,0.8,6.85,0.7999999999999997
153282,2022-08-08 08:13:59,0.5906,78.0,0.8,6.85,0.7999999999999997
153283,2022-08-08 08:14:00,0.590635,78.0,0.8,6.85,0.7999999999999997
153284,2022-08-08 08:14:01,0.590678,78.0,0.8,6.85,0.7999999999999997
153285,2022-08-08 08:14:02,0.5908,78.0,0.8,6.85,0.7999999999999997
153286,2022-08-08 08:14:03,0.590687,77.900002,0.8,6.85,0.7999999999999997
153287,2022-08-08 08:14:04,0.59099,77.900002,0.8,6.85,0.7999999999999997
153288,2022-08-08 08:14:05,0.590948,77.900002,0.8,6.85,0.7999999999999997
153289,2022-08-08 08:14:06,0.591149,77.800003,0.8,6.82,0.7999999999999997
153290,2022-08-08 08:14:07,0.553649,77.800003,0.8,6.82,0.7999999999999997
153291,2022-08-08 08:14:08,0.591166,77.800003,0.8,6.82,0.7999999999999997
153292,2022-08-08 08:14:09,0.591204,77.800003,0.8,6.82,0.7999999999999997
153293,2022-08-08 08:14:10,0.59135,77.800003,0.8,6.82,0.7999999999999997
153294,2022-08-08 08:14:11,0.591376,77.800003,0.8,6.82,0.7999999999999997
153295,2022-08-08 08:14:12,0.591333,77.800003,0.8,6.82,0.7999999999999997
153296,2022-08-08 08:14:13,0.591315,77.699997,0.8,6.82,0.7999999999999997
153297,2022-08-08 08:14:14,0.591489,77.699997,0.8,6.82,0.7999999999999997
153298,2022-08-08 08:14:15,0.591576,77.761993,0.8,6.82,0.7999999999999997
153299,2022-08-08 08:14:16,0.591785,77.699997,0.8,6.82,0.7999999999999997
153300,2022-08-08 08:14:17,0.54094,77.599998,0.8,6.82,0.7999999999999997
153301,2022-08-08 08:14:18,0.591646,77.699997,0.8,6.82,0.7999999999999997
153302,2022-08-08 08:14:19,0.591819,77.599998,0.8,6.82,0.7999999999999997
153303,2022-08-08 08:14:20,0.591829,77.599998,0.8,6.82,0.7999999999999997
153304,2022-08-08 08:14:21,0.591759,77.599998,0.8,6.82,0.7999999999999997
153305,2022-08-08 08:14:22,0.591802,77.599998,0.8,6.82,0.7999999999999997
153306,2022-08-08 08:14:23,0.591872,77.599998,0.8,6.82,0.7999999999999997
153307,2022-08-08 08:14:24,0.591986,77.599998,0.8,6.82,0.7999999999999997
153308,2022-08-08 08:14:25,0.592012,77.599998,0.8,6.82,0.7999999999999997
153309,2022-08-08 08:14:26,0.592159,77.561996,0.8,6.8,0.7999999999999997
153310,2022-08-08 08:14:26,0.541326,77.599998,0.8,6.8,0.6111291818568282
153335,2022-08-08 08:14:49,0.653746,77.300003,0.6,6.84,0.6000000000000001
153336,2022-08-08 08:14:50,0.653772,77.300003,0.6,6.84,0.6000000000000001
153337,2022-08-08 08:14:51,0.653632,77.300003,0.6,6.84,0.6000000000000001
153338,2022-08-08 08:14:52,0.653615,77.300003,0.6,6.84,0.6000000000000001
153339,2022-08-08 08:14:53,0.653694,77.300003,0.6,6.84,0.6000000000000001
153340,2022-08-08 08:14:54,0.653606,77.300003,0.6,6.84,0.6000000000000001
153341,2022-08-08 08:14:55,0.653659,77.199997,0.6,6.89,0.6000000000000001
153342,2022-08-08 08:14:56,0.65364,77.199997,0.6,6.89,0.6000000000000001
153343,2022-08-08 08:14:57,0.611337,77.199997,0.6,6.89,0.6000000000000001
153344,2022-08-08 08:14:58,0.653719,77.114449,0.6,6.89,0.6000000000000001
153345,2022-08-08 08:14:59,0.653607,77.100006,0.6,6.89,0.6000000000000001
153346,2022-08-08 08:15:00,0.653353,77.114449,0.6,6.89,0.6000000000000001
153347,2022-08-08 08:15:01,0.653649,77.100006,0.6,6.89,0.6000000000000001
153348,2022-08-08 08:15:02,0.653719,77.100006,0.6,6.89,0.6000000000000001
153349,2022-08-08 08:15:03,0.653579,77.100006,0.6,6.89,0.6000000000000001
153350,2022-08-08 08:15:04,0.653633,77.100006,0.6,6.89,0.6000000000000001
153351,2022-08-08 08:15:05,0.65365,77.100006,0.6,6.89,0.6000000000000001
153352,2022-08-08 08:15:06,0.65365,77.100006,0.6,6.83,0.6000000000000001
153353,2022-08-08 08:15:07,0.653607,77.100006,0.6,6.83,0.6000000000000001
153354,2022-08-08 08:15:08,0.65379,77.100006,0.6,6.83,0.6000000000000001
153355,2022-08-08 08:15:09,0.653763,77.100006,0.6,6.83,0.6000000000000001
153356,2022-08-08 08:15:10,0.653703,77.100006,0.6,6.83,0.6000000000000001
153357,2022-08-08 08:15:11,0.653763,77.0,0.6,6.83,0.6000000000000001
153358,2022-08-08 08:15:12,0.653693,77.0,0.6,6.83,0.6000000000000001
153359,2022-08-08 08:15:13,0.65358,77.0,0.6,6.83,0.6000000000000001
153360,2022-08-08 08:15:14,0.653693,77.0,0.6,6.83,0.6000000000000001
153361,2022-08-08 08:15:15,0.653806,77.0,0.6,6.83,0.6000000000000001
153362,2022-08-08 08:15:16,0.653794,77.0,0.6,6.83,0.6000000000000001
153363,2022-08-08 08:15:17,0.629406,77.0,0.6,6.83,0.6000000000000001
153364,2022-08-08 08:15:18,0.653763,77.0,0.6,6.83,0.6000000000000001
153365,2022-08-08 08:15:19,0.653833,77.0,0.6,6.83,0.6000000000000001
153366,2022-08-08 08:15:20,0.653962,77.0,0.6,6.83,0.6000000000000001
153367,2022-08-08 08:15:21,0.653719,77.0,0.6,6.83,0.6000000000000001
153368,2022-08-08 08:15:22,0.653747,77.0,0.6,6.83,0.6000000000000001
153369,2022-08-08 08:15:23,0.653789,77.0,0.6,6.83,0.6000000000000001
153370,2022-08-08 08:15:24,0.653832,77.0,0.6,6.83,0.6000000000000001
153371,2022-08-08 08:15:25,0.653807,77.0,0.6,6.79,0.6000000000000001
153372,2022-08-08 08:15:26,0.653921,77.0,0.6,6.79,0.6000000000000001
153373,2022-08-08 08:15:28,0.651493,77.0,0.6,6.79,0.6000000000000001
153374,2022-08-08 08:15:29,0.653833,77.0,0.6,6.79,0.6000000000000001
153375,2022-08-08 08:15:30,0.653859,77.0,0.6,6.79,0.6000000000000001
153376,2022-08-08 08:15:31,0.653947,76.900002,0.6,6.79,0.6000000000000001
153377,2022-08-08 08:15:32,0.653789,76.900002,0.6,6.79,0.6000000000000001
153378,2022-08-08 08:15:33,0.653833,76.900002,0.6,6.79,0.6000000000000001
153379,2022-08-08 08:15:34,0.653789,76.900002,0.6,6.79,0.6000000000000001
153380,2022-08-08 08:15:35,0.653789,76.900002,0.6,6.79,0.6000000000000001
153381,2022-08-08 08:15:36,0.65413,76.900002,0.6,6.8,0.6000000000000001
153382,2022-08-08 08:15:37,0.653816,76.900002,0.6,6.8,0.6000000000000001
153383,2022-08-08 08:15:38,0.653789,76.900002,0.6,6.8,0.6000000000000001
153384,2022-08-08 08:15:39,0.653947,76.800018,0.6,6.8,0.6000000000000001
153385,2022-08-08 08:15:40,0.653921,76.800018,0.6,6.8,0.6000000000000001
153386,2022-08-08 08:15:41,0.653929,76.885559,0.6,6.8,0.6000000000000001
153387,2022-08-08 08:15:42,0.653869,76.800018,0.6,6.8,0.6000000000000001
153388,2022-08-08 08:15:43,0.653868,76.800018,0.6,6.8,0.6000000000000001
153389,2022-08-08 08:15:44,0.654043,76.800018,0.6,6.8,0.6000000000000001
153390,2022-08-08 08:15:45,0.653789,76.800018,0.6,6.8,0.6000000000000001
153391,2022-08-08 08:15:46,0.653833,76.800018,0.6,6.8,0.6000000000000001
153392,2022-08-08 08:15:47,0.653099,76.800018,0.6,6.8,0.6000000000000001
153393,2022-08-08 08:15:48,0.653878,76.800018,0.6,6.8,0.6111291818568282
153417,2022-08-08 08:16:09,0.685807,76.800018,0.5,6.79,0.5
153418,2022-08-08 08:16:10,0.685737,76.800018,0.5,6.79,0.5
153419,2022-08-08 08:16:12,0.685554,76.800018,0.5,6.79,0.5
153420,2022-08-08 08:16:13,0.685424,76.800018,0.5,6.79,0.5
153421,2022-08-08 08:16:14,0.685468,76.800018,0.5,6.79,0.5
153422,2022-08-08 08:16:15,0.685424,76.800018,0.5,6.79,0.5
153423,2022-08-08 08:16:16,0.685241,76.800018,0.5,6.79,0.5
153424,2022-08-08 08:16:17,0.6853,76.800018,0.5,6.87,0.5
153425,2022-08-08 08:16:18,0.685197,76.800018,0.5,6.87,0.5
153426,2022-08-08 08:16:19,0.68531,76.800018,0.5,6.87,0.5
153427,2022-08-08 08:16:20,0.685101,76.800018,0.5,6.87,0.5
153428,2022-08-08 08:16:21,0.68517,76.800018,0.5,6.87,0.5
153429,2022-08-08 08:16:22,0.685145,76.800018,0.5,6.87,0.5
153430,2022-08-08 08:16:23,0.685145,76.800018,0.5,6.87,0.5
153431,2022-08-08 08:16:24,0.685092,76.800018,0.5,6.87,0.5
153432,2022-08-08 08:16:25,0.685145,76.800018,0.5,6.87,0.5
153433,2022-08-08 08:16:26,0.685171,76.800018,0.5,6.87,0.5
153434,2022-08-08 08:16:27,0.685117,76.800018,0.5,6.87,0.5
153435,2022-08-08 08:16:28,0.685101,76.800018,0.5,6.87,0.5
153436,2022-08-08 08:16:29,0.685048,76.800018,0.5,6.87,0.5
153437,2022-08-08 08:16:30,0.684874,76.800018,0.5,6.87,0.5
153438,2022-08-08 08:16:31,0.684902,76.800018,0.5,6.87,0.5
153439,2022-08-08 08:16:32,0.684945,76.800018,0.5,6.87,0.5
153440,2022-08-08 08:16:33,0.684918,76.800018,0.5,6.87,0.5
153441,2022-08-08 08:16:34,0.684952,76.800018,0.5,6.87,0.5
153442,2022-08-08 08:16:35,0.684709,76.800018,0.5,6.82,0.5
153443,2022-08-08 08:16:36,0.673773,76.800018,0.5,6.82,0.5
153444,2022-08-08 08:16:37,0.684848,76.800018,0.5,6.82,0.5
153445,2022-08-08 08:16:38,0.684891,76.800018,0.5,6.82,0.5
153446,2022-08-08 08:16:39,0.684858,76.800018,0.5,6.82,0.5
153447,2022-08-08 08:16:40,0.684709,76.800018,0.5,6.82,0.5
153448,2022-08-08 08:16:41,0.684881,76.800018,0.5,6.82,0.5
153449,2022-08-08 08:16:42,0.684718,76.800018,0.5,6.82,0.5
153450,2022-08-08 08:16:43,0.684622,76.800018,0.5,6.82,0.5
153451,2022-08-08 08:16:44,0.68476,76.838013,0.5,6.82,0.5
153452,2022-08-08 08:16:45,0.684675,76.800018,0.5,6.83,0.5
153453,2022-08-08 08:16:46,0.676021,76.800018,0.5,6.83,0.5
153454,2022-08-08 08:16:47,0.684535,76.800018,0.5,6.83,0.5
153455,2022-08-08 08:16:48,0.68456,76.800018,0.5,6.83,0.5
153456,2022-08-08 08:16:49,0.684753,76.900002,0.5,6.83,0.5
153457,2022-08-08 08:16:50,0.684716,76.800018,0.5,6.83,0.5
153458,2022-08-08 08:16:51,0.684526,76.800018,0.5,6.83,0.5
153459,2022-08-08 08:16:52,0.684622,76.862,0.5,6.83,0.5
153460,2022-08-08 08:16:53,0.684606,76.800018,0.5,6.83,0.5
153461,2022-08-08 08:16:54,0.684621,76.900002,0.5,6.83,0.5
153462,2022-08-08 08:16:55,0.684535,76.900002,0.5,6.83,0.5
153463,2022-08-08 08:16:57,0.684596,76.900002,0.5,6.82,0.5
153464,2022-08-08 08:16:58,0.684351,76.900002,0.5,6.82,0.5
153465,2022-08-08 08:16:59,0.6845,76.900002,0.5,6.82,0.5
153466,2022-08-08 08:17:00,0.684535,76.900002,0.5,6.82,0.5
153467,2022-08-08 08:17:01,0.684438,76.900002,0.5,6.82,0.5
153468,2022-08-08 08:17:02,0.684483,76.900002,0.5,6.82,0.5
153469,2022-08-08 08:17:03,0.684378,76.900002,0.5,6.82,0.5
153470,2022-08-08 08:17:04,0.684454,76.900002,0.5,6.82,0.5
153471,2022-08-08 08:17:05,0.684369,77.0,0.5,6.82,0.5
153472,2022-08-08 08:17:06,0.684525,77.0,0.5,6.82,0.5
153473,2022-08-08 08:17:07,0.649873,77.0,0.5,6.82,0.5
153474,2022-08-08 08:17:08,0.684255,77.0,0.5,6.82,0.5
153475,2022-08-08 08:17:09,0.684412,77.0,0.5,6.82,0.6111291818568282
153497,2022-08-08 08:17:29,0.717128,77.100006,0.4,6.83,0.3999999999999999
153498,2022-08-08 08:17:30,0.717075,77.100006,0.4,6.83,0.3999999999999999
153499,2022-08-08 08:17:31,0.71671,77.0,0.4,6.83,0.3999999999999999
153500,2022-08-08 08:17:32,0.716456,77.100006,0.4,6.83,0.3999999999999999
153501,2022-08-08 08:17:33,0.716325,77.100006,0.4,6.83,0.3999999999999999
153502,2022-08-08 08:17:34,0.716638,77.100006,0.4,6.83,0.3999999999999999
153503,2022-08-08 08:17:35,0.716283,77.100006,0.4,6.85,0.3999999999999999
153504,2022-08-08 08:17:36,0.672172,77.100006,0.4,6.85,0.3999999999999999
153505,2022-08-08 08:17:37,0.716133,77.100006,0.4,6.85,0.3999999999999999
153506,2022-08-08 08:17:38,0.716282,77.100006,0.4,6.85,0.3999999999999999
153507,2022-08-08 08:17:39,0.716273,77.100006,0.4,6.85,0.3999999999999999
153508,2022-08-08 08:17:41,0.716429,77.100006,0.4,6.85,0.3999999999999999
153509,2022-08-08 08:17:42,0.716045,77.100006,0.4,6.85,0.3999999999999999
153510,2022-08-08 08:17:43,0.716239,77.100006,0.4,6.85,0.3999999999999999
153511,2022-08-08 08:17:44,0.716246,77.100006,0.4,6.85,0.3999999999999999
153512,2022-08-08 08:17:45,0.716186,77.100006,0.4,6.79,0.3999999999999999
153513,2022-08-08 08:17:46,0.716202,77.100006,0.4,6.79,0.3999999999999999
153514,2022-08-08 08:17:47,0.685327,77.114449,0.4,6.79,0.3999999999999999
153515,2022-08-08 08:17:48,0.716255,77.199997,0.4,6.79,0.3999999999999999
153516,2022-08-08 08:17:49,0.716333,77.100006,0.4,6.79,0.3999999999999999
153517,2022-08-08 08:17:50,0.716229,77.100006,0.4,6.79,0.3999999999999999
153518,2022-08-08 08:17:51,0.716272,77.100006,0.4,6.79,0.3999999999999999
153519,2022-08-08 08:17:52,0.716315,77.199997,0.4,6.79,0.3999999999999999
153520,2022-08-08 08:17:53,0.716342,77.199997,0.4,6.79,0.3999999999999999
153521,2022-08-08 08:17:54,0.716552,77.199997,0.4,6.79,0.3999999999999999
153522,2022-08-08 08:17:55,0.716282,77.300003,0.4,6.79,0.3999999999999999
153523,2022-08-08 08:17:56,0.716299,77.199997,0.4,6.78,0.3999999999999999
153524,2022-08-08 08:17:57,0.716429,77.199997,0.4,6.78,0.3999999999999999
153525,2022-08-08 08:17:58,0.716456,77.285561,0.4,6.78,0.3999999999999999
153526,2022-08-08 08:17:59,0.716386,77.300003,0.4,6.78,0.3999999999999999
153527,2022-08-08 08:18:00,0.716456,77.300003,0.4,6.78,0.3999999999999999
153528,2022-08-08 08:18:01,0.716368,77.300003,0.4,6.78,0.3999999999999999
153529,2022-08-08 08:18:02,0.716429,77.300003,0.4,6.78,0.3999999999999999
153530,2022-08-08 08:18:03,0.716116,77.300003,0.4,6.78,0.3999999999999999
153531,2022-08-08 08:18:04,0.716429,77.300003,0.4,6.78,0.3999999999999999
153532,2022-08-08 08:18:05,0.716456,77.300003,0.4,6.78,0.3999999999999999
153533,2022-08-08 08:18:06,0.716429,77.300003,0.4,6.78,0.3999999999999999
153534,2022-08-08 08:18:07,0.702127,77.300003,0.4,6.78,0.3999999999999999
153535,2022-08-08 08:18:08,0.716185,77.300003,0.4,6.78,0.3999999999999999
153536,2022-08-08 08:18:09,0.716482,77.300003,0.4,6.78,0.3999999999999999
153537,2022-08-08 08:18:10,0.716395,77.300003,0.4,6.78,0.3999999999999999
153538,2022-08-08 08:18:11,0.716413,77.300003,0.4,6.78,0.3999999999999999
153539,2022-08-08 08:18:12,0.716309,77.300003,0.4,6.78,0.3999999999999999
153540,2022-08-08 08:18:13,0.716386,77.300003,0.4,6.78,0.3999999999999999
153541,2022-08-08 08:18:14,0.716482,77.400009,0.4,6.78,0.3999999999999999
153542,2022-08-08 08:18:15,0.716246,77.362,0.4,6.78,0.3999999999999999
153543,2022-08-08 08:18:16,0.716395,77.400009,0.4,6.78,0.3999999999999999
153544,2022-08-08 08:18:17,0.700034,77.400009,0.4,6.78,0.3999999999999999
153545,2022-08-08 08:18:18,0.716342,77.400009,0.4,6.78,0.3999999999999999
153546,2022-08-08 08:18:19,0.71629,77.5,0.4,6.78,0.3999999999999999
153547,2022-08-08 08:18:20,0.716352,77.400009,0.4,6.78,0.3999999999999999
153548,2022-08-08 08:18:21,0.716282,77.5,0.4,6.78,0.3999999999999999
153549,2022-08-08 08:18:22,0.716438,77.5,0.4,6.78,0.3999999999999999
153550,2022-08-08 08:18:23,0.716509,77.5,0.4,6.78,0.3999999999999999
153551,2022-08-08 08:18:24,0.716359,77.5,0.4,6.78,0.3999999999999999
153552,2022-08-08 08:18:26,0.716358,77.5,0.4,6.8,0.3999999999999999
153553,2022-08-08 08:18:27,0.716325,77.5,0.4,6.8,0.3999999999999999
153554,2022-08-08 08:18:28,0.714377,77.5,0.4,6.8,0.3999999999999999
153555,2022-08-08 08:18:29,0.716186,77.5,0.4,6.8,0.3999999999999999
153556,2022-08-08 08:18:29,0.716238,77.5,0.4,6.8,0.6111291818568282
153578,2022-08-08 08:18:50,0.752345,77.785561,0.3,6.79,0.30000000000000004
153579,2022-08-08 08:18:50,0.752092,77.714439,0.3,6.79,0.30000000000000004
153580,2022-08-08 08:18:51,0.751797,77.785561,0.3,6.79,0.30000000000000004
153581,2022-08-08 08:18:52,0.751691,77.699997,0.3,6.79,0.30000000000000004
153582,2022-08-08 08:18:53,0.751499,77.800003,0.3,6.79,0.30000000000000004
153583,2022-08-08 08:18:54,0.751272,77.800003,0.3,6.79,0.30000000000000004
153584,2022-08-08 08:18:55,0.751229,77.800003,0.3,6.88,0.30000000000000004
153585,2022-08-08 08:18:56,0.751047,77.800003,0.3,6.88,0.30000000000000004
153586,2022-08-08 08:18:57,0.750994,77.800003,0.3,6.88,0.30000000000000004
153587,2022-08-08 08:18:58,0.75102,77.800003,0.3,6.88,0.30000000000000004
153588,2022-08-08 08:18:59,0.750863,77.800003,0.3,6.88,0.30000000000000004
153589,2022-08-08 08:19:00,0.750777,77.800003,0.3,6.88,0.30000000000000004
153590,2022-08-08 08:19:01,0.750749,77.800003,0.3,6.88,0.30000000000000004
153591,2022-08-08 08:19:02,0.75068,77.800003,0.3,6.88,0.30000000000000004
153592,2022-08-08 08:19:03,0.750715,77.900002,0.3,6.88,0.30000000000000004
153593,2022-08-08 08:19:04,0.750567,77.862,0.3,6.88,0.30000000000000004
153594,2022-08-08 08:19:05,0.75061,77.900002,0.3,6.84,0.30000000000000004
153595,2022-08-08 08:19:06,0.75054,77.900002,0.3,6.84,0.30000000000000004
153596,2022-08-08 08:19:07,0.750531,77.900002,0.3,6.84,0.30000000000000004
153597,2022-08-08 08:19:08,0.75047,77.900002,0.3,6.84,0.30000000000000004
153598,2022-08-08 08:19:10,0.750269,77.900002,0.3,6.84,0.30000000000000004
153599,2022-08-08 08:19:11,0.750453,77.900002,0.3,6.84,0.30000000000000004
153600,2022-08-08 08:19:12,0.750374,77.938011,0.3,6.84,0.30000000000000004
153601,2022-08-08 08:19:13,0.750288,78.0,0.3,6.84,0.30000000000000004
153602,2022-08-08 08:19:14,0.750348,78.0,0.3,6.84,0.30000000000000004
153603,2022-08-08 08:19:15,0.750174,78.0,0.3,6.84,0.30000000000000004
153604,2022-08-08 08:19:16,0.750071,78.0,0.3,6.84,0.30000000000000004
153605,2022-08-08 08:19:17,0.750132,78.0,0.3,6.84,0.30000000000000004
153606,2022-08-08 08:19:18,0.750261,78.0,0.3,6.84,0.30000000000000004
153607,2022-08-08 08:19:19,0.749878,78.0,0.3,6.84,0.30000000000000004
153608,2022-08-08 08:19:20,0.75005,78.0,0.3,6.84,0.30000000000000004
153609,2022-08-08 08:19:21,0.749981,78.0,0.3,6.84,0.30000000000000004
153610,2022-08-08 08:19:22,0.749991,78.0,0.3,6.84,0.30000000000000004
153611,2022-08-08 08:19:23,0.749834,78.0,0.3,6.84,0.30000000000000004
153612,2022-08-08 08:19:24,0.749868,78.0,0.3,6.84,0.30000000000000004
153613,2022-08-08 08:19:25,0.749895,78.0,0.3,6.84,0.30000000000000004
153614,2022-08-08 08:19:26,0.749921,78.099998,0.3,6.84,0.30000000000000004
153615,2022-08-08 08:19:27,0.749921,78.099998,0.3,6.84,0.30000000000000004
153616,2022-08-08 08:19:28,0.749765,78.099998,0.3,6.84,0.30000000000000004
153617,2022-08-08 08:19:29,0.749851,78.099998,0.3,6.84,0.30000000000000004
153618,2022-08-08 08:19:30,0.749922,78.099998,0.3,6.84,0.30000000000000004
153619,2022-08-08 08:19:31,0.749825,78.099998,0.3,6.84,0.30000000000000004
153620,2022-08-08 08:19:32,0.749825,78.099998,0.3,6.84,0.30000000000000004
153621,2022-08-08 08:19:33,0.749868,78.200005,0.3,6.84,0.30000000000000004
153622,2022-08-08 08:19:34,0.749851,78.099998,0.3,6.85,0.30000000000000004
153623,2022-08-08 08:19:35,0.749755,78.185562,0.3,6.85,0.30000000000000004
153624,2022-08-08 08:19:36,0.740142,78.214447,0.3,6.85,0.30000000000000004
153625,2022-08-08 08:19:37,0.749851,78.200005,0.3,6.85,0.30000000000000004
153626,2022-08-08 08:19:38,0.749878,78.285561,0.3,6.85,0.30000000000000004
153627,2022-08-08 08:19:39,0.749668,78.200005,0.3,6.85,0.30000000000000004
153628,2022-08-08 08:19:40,0.749755,78.300003,0.3,6.85,0.30000000000000004
153629,2022-08-08 08:19:41,0.749712,78.300003,0.3,6.85,0.30000000000000004
153630,2022-08-08 08:19:42,0.749851,78.300003,0.3,6.85,0.30000000000000004
153631,2022-08-08 08:19:43,0.749782,78.300003,0.3,6.85,0.30000000000000004
153632,2022-08-08 08:19:44,0.749695,78.300003,0.3,6.85,0.30000000000000004
153633,2022-08-08 08:19:45,0.749667,78.300003,0.3,6.86,0.30000000000000004
153634,2022-08-08 08:19:46,0.725222,78.300003,0.3,6.86,0.30000000000000004
153635,2022-08-08 08:19:47,0.749678,78.300003,0.3,6.86,0.30000000000000004
153636,2022-08-08 08:19:48,0.749695,78.400002,0.3,6.86,0.30000000000000004
153637,2022-08-08 08:19:49,0.749755,78.300003,0.3,6.86,0.6111291818568282
153665,2022-08-08 08:20:13,0.786935,78.599998,0.2,6.88,0.19999999999999998
153666,2022-08-08 08:20:14,0.786978,78.638008,0.2,6.88,0.19999999999999998
153667,2022-08-08 08:20:15,0.786603,78.599998,0.2,6.88,0.19999999999999998
153668,2022-08-08 08:20:16,0.786656,78.599998,0.2,6.95,0.19999999999999998
153669,2022-08-08 08:20:17,0.686038,78.699997,0.2,6.95,0.19999999999999998
153670,2022-08-08 08:20:18,0.785923,78.800011,0.2,6.95,0.19999999999999998
153671,2022-08-08 08:20:19,0.785853,78.714447,0.2,6.95,0.19999999999999998
153672,2022-08-08 08:20:20,0.785756,78.785568,0.2,6.95,0.19999999999999998
153673,2022-08-08 08:20:21,0.785757,78.800011,0.2,6.95,0.19999999999999998
153674,2022-08-08 08:20:22,0.785784,78.800011,0.2,6.95,0.19999999999999998
153675,2022-08-08 08:20:23,0.785801,78.800011,0.2,6.95,0.19999999999999998
153676,2022-08-08 08:20:24,0.785724,78.800011,0.2,6.95,0.19999999999999998
153677,2022-08-08 08:20:25,0.785628,78.800011,0.2,6.95,0.19999999999999998
153678,2022-08-08 08:20:26,0.785513,78.800011,0.2,6.94,0.19999999999999998
153679,2022-08-08 08:20:27,0.671666,78.800011,0.2,6.94,0.19999999999999998
153680,2022-08-08 08:20:28,0.785417,78.900002,0.2,6.94,0.19999999999999998
153681,2022-08-08 08:20:29,0.785146,78.800011,0.2,6.94,0.19999999999999998
153682,2022-08-08 08:20:30,0.785146,78.800011,0.2,6.94,0.19999999999999998
153683,2022-08-08 08:20:31,0.785374,78.938011,0.2,6.94,0.19999999999999998
153684,2022-08-08 08:20:32,0.785261,79.0,0.2,6.94,0.19999999999999998
153685,2022-08-08 08:20:33,0.785191,78.900002,0.2,6.94,0.19999999999999998
153686,2022-08-08 08:20:34,0.785278,79.0,0.2,6.94,0.19999999999999998
153687,2022-08-08 08:20:35,0.785225,79.0,0.2,6.94,0.19999999999999998
153688,2022-08-08 08:20:36,0.785191,79.0,0.2,6.94,0.19999999999999998
153689,2022-08-08 08:20:37,0.785105,79.0,0.2,6.94,0.19999999999999998
153690,2022-08-08 08:20:39,0.785085,79.0,0.2,6.94,0.19999999999999998
153691,2022-08-08 08:20:40,0.784931,79.0,0.2,6.94,0.19999999999999998
153692,2022-08-08 08:20:41,0.784782,79.0,0.2,6.94,0.19999999999999998
153693,2022-08-08 08:20:42,0.784825,79.03801,0.2,6.94,0.19999999999999998
153694,2022-08-08 08:20:43,0.784877,79.099998,0.2,6.94,0.19999999999999998
153695,2022-08-08 08:20:44,0.784755,79.0,0.2,6.94,0.19999999999999998
153696,2022-08-08 08:20:45,0.784841,79.099998,0.2,6.94,0.19999999999999998
153697,2022-08-08 08:20:46,0.784711,79.099998,0.2,6.94,0.19999999999999998
153698,2022-08-08 08:20:47,0.68132,79.099998,0.2,6.94,0.19999999999999998
153699,2022-08-08 08:20:48,0.784659,79.099998,0.2,6.94,0.19999999999999998
153700,2022-08-08 08:20:49,0.784572,79.099998,0.2,6.94,0.19999999999999998
153701,2022-08-08 08:20:50,0.784528,79.099998,0.2,6.94,0.19999999999999998
153702,2022-08-08 08:20:51,0.784502,79.099998,0.2,6.94,0.19999999999999998
153703,2022-08-08 08:20:52,0.784416,79.199997,0.2,6.94,0.19999999999999998
153704,2022-08-08 08:20:53,0.784659,79.199997,0.2,6.94,0.19999999999999998
153705,2022-08-08 08:20:54,0.784528,79.199997,0.2,6.94,0.19999999999999998
153706,2022-08-08 08:20:55,0.784615,79.300003,0.2,6.97,0.19999999999999998
153707,2022-08-08 08:20:56,0.784547,79.261993,0.2,6.97,0.19999999999999998
153708,2022-08-08 08:20:57,0.750427,79.238007,0.2,6.97,0.19999999999999998
153709,2022-08-08 08:20:58,0.784529,79.300003,0.2,6.97,0.19999999999999998
153710,2022-08-08 08:20:59,0.784459,79.300003,0.2,6.97,0.19999999999999998
153711,2022-08-08 08:21:00,0.784415,79.300003,0.2,6.97,0.19999999999999998
153712,2022-08-08 08:21:01,0.784346,79.300003,0.2,6.97,0.19999999999999998
153713,2022-08-08 08:21:02,0.784416,79.400002,0.2,6.97,0.19999999999999998
153714,2022-08-08 08:21:03,0.784363,79.300003,0.2,6.97,0.19999999999999998
153715,2022-08-08 08:21:04,0.784345,79.300003,0.2,6.97,0.19999999999999998
153716,2022-08-08 08:21:05,0.784319,79.400002,0.2,6.97,0.19999999999999998
153717,2022-08-08 08:21:06,0.784205,79.400002,0.2,6.98,0.19999999999999998
153718,2022-08-08 08:21:07,0.74778,79.5,0.2,6.98,0.19999999999999998
153719,2022-08-08 08:21:08,0.784136,79.5,0.2,6.98,0.19999999999999998
153720,2022-08-08 08:21:09,0.784136,79.400002,0.2,6.98,0.19999999999999998
153721,2022-08-08 08:21:10,0.784293,79.485558,0.2,6.98,0.19999999999999998
153722,2022-08-08 08:21:11,0.784276,79.5,0.2,6.98,0.6111291818568282
153745,2022-08-08 08:21:32,0.809518,79.800003,0.15,6.99,0.15000000000000002
153746,2022-08-08 08:21:33,0.809344,79.800003,0.15,6.99,0.15000000000000002
153747,2022-08-08 08:21:34,0.809249,79.800003,0.15,6.99,0.15000000000000002
153748,2022-08-08 08:21:35,0.809196,79.800003,0.15,7.18,0.15000000000000002
153749,2022-08-08 08:21:36,0.808969,79.885567,0.15,7.18,0.15000000000000002
153750,2022-08-08 08:21:37,0.808009,79.800003,0.15,7.18,0.15000000000000002
153751,2022-08-08 08:21:38,0.808995,79.900009,0.15,7.18,0.15000000000000002
153752,2022-08-08 08:21:39,0.808647,79.900009,0.15,7.18,0.15000000000000002
153753,2022-08-08 08:21:40,0.808743,79.900009,0.15,7.18,0.15000000000000002
153754,2022-08-08 08:21:41,0.808542,79.938011,0.15,7.18,0.15000000000000002
153755,2022-08-08 08:21:42,0.808498,80.0,0.15,7.18,0.15000000000000002
153756,2022-08-08 08:21:43,0.808446,80.0,0.15,7.18,0.15000000000000002
153757,2022-08-08 08:21:44,0.808306,80.0,0.15,7.18,0.15000000000000002
153758,2022-08-08 08:21:45,0.808332,80.0,0.15,7.23,0.15000000000000002
153759,2022-08-08 08:21:46,0.808263,80.0,0.15,7.23,0.15000000000000002
153760,2022-08-08 08:21:47,0.806997,80.0,0.15,7.23,0.15000000000000002
153761,2022-08-08 08:21:48,0.808106,80.0,0.15,7.23,0.15000000000000002
153762,2022-08-08 08:21:49,0.808053,80.0,0.15,7.23,0.15000000000000002
153763,2022-08-08 08:21:50,0.808037,80.0,0.15,7.23,0.15000000000000002
153764,2022-08-08 08:21:51,0.807967,80.099998,0.15,7.23,0.15000000000000002
153765,2022-08-08 08:21:52,0.807913,80.085556,0.15,7.23,0.15000000000000002
153766,2022-08-08 08:21:53,0.807853,80.099998,0.15,7.23,0.15000000000000002
153767,2022-08-08 08:21:54,0.80774,80.099998,0.15,7.23,0.15000000000000002
153768,2022-08-08 08:21:55,0.807896,80.099998,0.15,7.25,0.15000000000000002
153769,2022-08-08 08:21:56,0.807801,80.099998,0.15,7.25,0.15000000000000002
153770,2022-08-08 08:21:57,0.807434,80.099998,0.15,7.25,0.15000000000000002
153771,2022-08-08 08:21:58,0.807713,80.099998,0.15,7.25,0.15000000000000002
153772,2022-08-08 08:21:59,0.807626,80.114441,0.15,7.25,0.15000000000000002
153773,2022-08-08 08:22:00,0.807627,80.199997,0.15,7.25,0.15000000000000002
153774,2022-08-08 08:22:01,0.807626,80.199997,0.15,7.25,0.15000000000000002
153775,2022-08-08 08:22:02,0.807477,80.300003,0.15,7.25,0.15000000000000002
153776,2022-08-08 08:22:03,0.80727,80.300003,0.15,7.25,0.15000000000000002
153777,2022-08-08 08:22:04,0.807338,80.300003,0.15,7.25,0.15000000000000002
153778,2022-08-08 08:22:05,0.80739,80.300003,0.15,7.28,0.15000000000000002
153779,2022-08-08 08:22:06,0.807217,80.300003,0.15,7.28,0.15000000000000002
153780,2022-08-08 08:22:08,0.80698,80.300003,0.15,7.28,0.15000000000000002
153781,2022-08-08 08:22:09,0.807303,80.400002,0.15,7.28,0.15000000000000002
153782,2022-08-08 08:22:10,0.807338,80.362,0.15,7.28,0.15000000000000002
153783,2022-08-08 08:22:11,0.807111,80.400002,0.15,7.28,0.15000000000000002
153784,2022-08-08 08:22:12,0.806981,80.400002,0.15,7.28,0.15000000000000002
153785,2022-08-08 08:22:13,0.807095,80.400002,0.15,7.28,0.15000000000000002
153786,2022-08-08 08:22:14,0.807068,80.46199,0.15,7.28,0.15000000000000002
153787,2022-08-08 08:22:15,0.806955,80.5,0.15,7.28,0.15000000000000002
153788,2022-08-08 08:22:16,0.807007,80.5,0.15,7.3,0.15000000000000002
153789,2022-08-08 08:22:17,0.806921,80.5,0.15,7.3,0.15000000000000002
153790,2022-08-08 08:22:18,0.806798,80.5,0.15,7.3,0.15000000000000002
153791,2022-08-08 08:22:19,0.806982,80.5,0.15,7.3,0.15000000000000002
153792,2022-08-08 08:22:20,0.806851,80.599998,0.15,7.3,0.15000000000000002
153793,2022-08-08 08:22:21,0.806737,80.5,0.15,7.3,0.15000000000000002
153794,2022-08-08 08:22:22,0.806868,80.5,0.15,7.3,0.15000000000000002
153795,2022-08-08 08:22:23,0.806772,80.599998,0.15,7.3,0.15000000000000002
153796,2022-08-08 08:22:24,0.806728,80.599998,0.15,7.3,0.15000000000000002
153797,2022-08-08 08:22:25,0.806685,80.599998,0.15,7.3,0.15000000000000002
153798,2022-08-08 08:22:26,0.806588,80.599998,0.15,7.32,0.15000000000000002
153799,2022-08-08 08:22:27,0.797694,80.599998,0.15,7.32,0.15000000000000002
153800,2022-08-08 08:22:28,0.806728,80.638008,0.15,7.32,0.15000000000000002
153801,2022-08-08 08:22:29,0.806772,80.699997,0.15,7.32,0.15000000000000002
153802,2022-08-08 08:22:30,0.806545,80.699997,0.15,7.32,0.15000000000000002
153803,2022-08-08 08:22:31,0.806701,80.699997,0.15,7.32,0.15000000000000002
153804,2022-08-08 08:22:32,0.806415,80.800003,0.15,7.32,0.15000000000000002
153805,2022-08-08 08:22:32,0.806415,80.800003,0.15,7.32,0.6111291818568282
153827,2022-08-08 08:22:53,0.835912,81.099998,0.1,7.35,0.09999999999999998
153828,2022-08-08 08:22:54,0.835799,81.099998,0.1,7.35,0.09999999999999998
153829,2022-08-08 08:22:55,0.835589,81.099998,0.1,7.55,0.09999999999999998
153830,2022-08-08 08:22:56,0.835407,81.099998,0.1,7.55,0.09999999999999998
153831,2022-08-08 08:22:57,0.816277,81.099998,0.1,7.55,0.09999999999999998
153832,2022-08-08 08:22:58,0.835146,81.099998,0.1,7.55,0.09999999999999998
153833,2022-08-08 08:22:59,0.835084,81.199997,0.1,7.55,0.09999999999999998
153834,2022-08-08 08:23:00,0.834997,81.199997,0.1,7.55,0.09999999999999998
153835,2022-08-08 08:23:01,0.8349,81.199997,0.1,7.55,0.09999999999999998
153836,2022-08-08 08:23:02,0.83484,81.199997,0.1,7.55,0.09999999999999998
153837,2022-08-08 08:23:03,0.834614,81.300003,0.1,7.55,0.09999999999999998
153838,2022-08-08 08:23:04,0.83463,81.199997,0.1,7.55,0.09999999999999998
153839,2022-08-08 08:23:05,0.834422,81.300003,0.1,7.65,0.09999999999999998
153840,2022-08-08 08:23:06,0.834403,81.300003,0.1,7.65,0.09999999999999998
153841,2022-08-08 08:23:07,0.806199,81.300003,0.1,7.65,0.09999999999999998
153842,2022-08-08 08:23:08,0.834238,81.300003,0.1,7.65,0.09999999999999998
153843,2022-08-08 08:23:09,0.834211,81.300003,0.1,7.65,0.09999999999999998
153844,2022-08-08 08:23:10,0.834072,81.400002,0.1,7.65,0.09999999999999998
153845,2022-08-08 08:23:11,0.834036,81.300003,0.1,7.65,0.09999999999999998
153846,2022-08-08 08:23:12,0.833907,81.338013,0.1,7.65,0.09999999999999998
153847,2022-08-08 08:23:13,0.833741,81.400002,0.1,7.65,0.09999999999999998
153848,2022-08-08 08:23:14,0.833897,81.400002,0.1,7.65,0.09999999999999998
153849,2022-08-08 08:23:15,0.833688,81.461998,0.1,7.7,0.09999999999999998
153850,2022-08-08 08:23:16,0.833601,81.5,0.1,7.7,0.09999999999999998
153851,2022-08-08 08:23:17,0.802804,81.5,0.1,7.7,0.09999999999999998
153852,2022-08-08 08:23:18,0.833462,81.5,0.1,7.7,0.09999999999999998
153853,2022-08-08 08:23:19,0.833401,81.5,0.1,7.7,0.09999999999999998
153854,2022-08-08 08:23:20,0.833419,81.5,0.1,7.7,0.09999999999999998
153855,2022-08-08 08:23:21,0.833218,81.600006,0.1,7.7,0.09999999999999998
153856,2022-08-08 08:23:22,0.833252,81.600006,0.1,7.7,0.09999999999999998
153857,2022-08-08 08:23:23,0.833253,81.600006,0.1,7.7,0.09999999999999998
153858,2022-08-08 08:23:24,0.833261,81.600006,0.1,7.7,0.09999999999999998
153859,2022-08-08 08:23:25,0.833096,81.600006,0.1,7.74,0.09999999999999998
153860,2022-08-08 08:23:26,0.833052,81.600006,0.1,7.74,0.09999999999999998
153861,2022-08-08 08:23:27,0.801906,81.600006,0.1,7.74,0.09999999999999998
153862,2022-08-08 08:23:28,0.832956,81.699997,0.1,7.74,0.09999999999999998
153863,2022-08-08 08:23:29,0.83287,81.685562,0.1,7.74,0.09999999999999998
153864,2022-08-08 08:23:30,0.832939,81.699997,0.1,7.74,0.09999999999999998
153865,2022-08-08 08:23:31,0.832886,81.800003,0.1,7.74,0.09999999999999998
153866,2022-08-08 08:23:32,0.832843,81.800003,0.1,7.74,0.09999999999999998
153867,2022-08-08 08:23:33,0.832703,81.800003,0.1,7.74,0.09999999999999998
153868,2022-08-08 08:23:34,0.832756,81.800003,0.1,7.76,0.09999999999999998
153869,2022-08-08 08:23:35,0.832643,81.800003,0.1,7.76,0.09999999999999998
153870,2022-08-08 08:23:37,0.805856,81.800003,0.1,7.76,0.09999999999999998
153871,2022-08-08 08:23:38,0.832659,81.838013,0.1,7.76,0.09999999999999998
153872,2022-08-08 08:23:39,0.832616,81.800003,0.1,7.76,0.09999999999999998
153873,2022-08-08 08:23:40,0.832423,81.800003,0.1,7.76,0.09999999999999998
153874,2022-08-08 08:23:41,0.83225,81.900009,0.1,7.76,0.09999999999999998
153875,2022-08-08 08:23:42,0.832475,81.900009,0.1,7.76,0.09999999999999998
153876,2022-08-08 08:23:43,0.832321,81.900009,0.1,7.76,0.09999999999999998
153877,2022-08-08 08:23:44,0.832346,81.938019,0.1,7.76,0.09999999999999998
153878,2022-08-08 08:23:45,0.832136,81.900009,0.1,7.8,0.09999999999999998
153879,2022-08-08 08:23:46,0.83219,82.0,0.1,7.8,0.09999999999999998
153880,2022-08-08 08:23:47,0.801429,82.0,0.1,7.8,0.09999999999999998
153881,2022-08-08 08:23:48,0.832093,82.0,0.1,7.8,0.09999999999999998
153882,2022-08-08 08:23:49,0.831997,82.0,0.1,7.8,0.09999999999999998
153883,2022-08-08 08:23:50,0.832023,82.0,0.1,7.8,0.09999999999999998
153884,2022-08-08 08:23:51,0.83191,82.014442,0.1,7.8,0.09999999999999998
153885,2022-08-08 08:23:52,0.831841,82.099998,0.1,7.8,0.6111291818568282
153913,2022-08-08 08:24:15,0.869718,82.400002,0.05,8.09,0.04999999999999999
153914,2022-08-08 08:24:16,0.869578,82.5,0.05,8.09,0.04999999999999999
153915,2022-08-08 08:24:17,0.867464,82.5,0.05,8.09,0.04999999999999999
153916,2022-08-08 08:24:18,0.869238,82.5,0.05,8.09,0.04999999999999999
153917,2022-08-08 08:24:19,0.86894,82.5,0.05,8.09,0.04999999999999999
153918,2022-08-08 08:24:21,0.869098,82.5,0.05,8.09,0.04999999999999999
153919,2022-08-08 08:24:22,0.868688,82.5,0.05,8.09,0.04999999999999999
153920,2022-08-08 08:24:23,0.868532,82.5,0.05,8.09,0.04999999999999999
153921,2022-08-08 08:24:24,0.868505,82.599998,0.05,8.09,0.04999999999999999
153922,2022-08-08 08:24:25,0.868365,82.599998,0.05,8.09,0.04999999999999999
153923,2022-08-08 08:24:26,0.868409,82.599998,0.05,8.24,0.04999999999999999
153924,2022-08-08 08:24:27,0.868193,82.599998,0.05,8.24,0.04999999999999999
153925,2022-08-08 08:24:28,0.867458,82.599998,0.05,8.24,0.04999999999999999
153926,2022-08-08 08:24:29,0.867983,82.599998,0.05,8.24,0.04999999999999999
153927,2022-08-08 08:24:30,0.867869,82.700005,0.05,8.24,0.04999999999999999
153928,2022-08-08 08:24:31,0.867869,82.700005,0.05,8.24,0.04999999999999999
153929,2022-08-08 08:24:32,0.867746,82.738014,0.05,8.24,0.04999999999999999
153930,2022-08-08 08:24:33,0.867729,82.700005,0.05,8.24,0.04999999999999999
153931,2022-08-08 08:24:34,0.867451,82.800003,0.05,8.24,0.04999999999999999
153932,2022-08-08 08:24:35,0.86731,82.800003,0.05,8.31,0.04999999999999999
153933,2022-08-08 08:24:36,0.867329,82.800003,0.05,8.31,0.04999999999999999
153934,2022-08-08 08:24:37,0.866988,82.800003,0.05,8.31,0.04999999999999999
153935,2022-08-08 08:24:38,0.867164,82.800003,0.05,8.31,0.04999999999999999
153936,2022-08-08 08:24:39,0.867067,82.800003,0.05,8.31,0.04999999999999999
153937,2022-08-08 08:24:40,0.867041,82.800003,0.05,8.31,0.04999999999999999
153938,2022-08-08 08:24:41,0.866997,82.800003,0.05,8.31,0.04999999999999999
153939,2022-08-08 08:24:42,0.866953,82.800003,0.05,8.31,0.04999999999999999
153940,2022-08-08 08:24:43,0.86677,82.900002,0.05,8.31,0.04999999999999999
153941,2022-08-08 08:24:44,0.866717,82.900002,0.05,8.31,0.04999999999999999
153942,2022-08-08 08:24:45,0.866718,82.900002,0.05,8.36,0.04999999999999999
153943,2022-08-08 08:24:46,0.866787,83.000008,0.05,8.36,0.04999999999999999
153944,2022-08-08 08:24:47,0.866578,83.000008,0.05,8.36,0.04999999999999999
153945,2022-08-08 08:24:48,0.866534,83.000008,0.05,8.36,0.04999999999999999
153946,2022-08-08 08:24:49,0.866534,83.000008,0.05,8.36,0.04999999999999999
153947,2022-08-08 08:24:50,0.866378,83.000008,0.05,8.36,0.04999999999999999
153948,2022-08-08 08:24:51,0.866351,83.000008,0.05,8.36,0.04999999999999999
153949,2022-08-08 08:24:52,0.866361,83.000008,0.05,8.36,0.04999999999999999
153950,2022-08-08 08:24:53,0.866308,83.000008,0.05,8.36,0.04999999999999999
153951,2022-08-08 08:24:54,0.866239,83.099998,0.05,8.36,0.04999999999999999
153952,2022-08-08 08:24:55,0.866064,83.099998,0.05,8.39,0.04999999999999999
153953,2022-08-08 08:24:56,0.866109,83.099998,0.05,8.39,0.04999999999999999
153954,2022-08-08 08:24:57,0.866046,83.099998,0.05,8.39,0.04999999999999999
153955,2022-08-08 08:24:58,0.865986,83.099998,0.05,8.39,0.04999999999999999
153956,2022-08-08 08:24:59,0.865715,83.099998,0.05,8.39,0.04999999999999999
153957,2022-08-08 08:25:00,0.865759,83.199997,0.05,8.39,0.04999999999999999
153958,2022-08-08 08:25:01,0.865812,83.099998,0.05,8.39,0.04999999999999999
153959,2022-08-08 08:25:02,0.865759,83.199997,0.05,8.39,0.04999999999999999
153960,2022-08-08 08:25:03,0.865689,83.285568,0.05,8.39,0.04999999999999999
153961,2022-08-08 08:25:04,0.86562,83.300011,0.05,8.39,0.04999999999999999
153962,2022-08-08 08:25:06,0.865688,83.214447,0.05,8.43,0.04999999999999999
153963,2022-08-08 08:25:07,0.865575,83.300011,0.05,8.43,0.04999999999999999
153964,2022-08-08 08:25:08,0.865393,83.300011,0.05,8.43,0.04999999999999999
153965,2022-08-08 08:25:09,0.865436,83.300011,0.05,8.43,0.04999999999999999
153966,2022-08-08 08:25:10,0.865436,83.300011,0.05,8.43,0.04999999999999999
153967,2022-08-08 08:25:11,0.865489,83.300011,0.05,8.43,0.04999999999999999
153968,2022-08-08 08:25:12,0.865436,83.362,0.05,8.43,0.04999999999999999
153969,2022-08-08 08:25:13,0.865349,83.300011,0.05,8.43,0.04999999999999999
153970,2022-08-08 08:25:14,0.865279,83.385559,0.05,8.43,0.04999999999999999
153971,2022-08-08 08:25:15,0.865322,83.362,0.05,8.43,0.6111291818568282
153995,2022-08-08 08:25:36,0.894653,83.699997,0.02,8.65,0.020000000000000004
153996,2022-08-08 08:25:37,0.899041,83.699997,0.02,8.65,0.020000000000000004
153997,2022-08-08 08:25:38,0.899015,83.699997,0.02,8.65,0.020000000000000004
153998,2022-08-08 08:25:39,0.898822,83.761993,0.02,8.65,0.020000000000000004
153999,2022-08-08 08:25:40,0.898745,83.800003,0.02,8.65,0.020000000000000004
154000,2022-08-08 08:25:41,0.898761,83.800003,0.02,8.65,0.020000000000000004
154001,2022-08-08 08:25:42,0.898579,83.800003,0.02,8.65,0.020000000000000004
154002,2022-08-08 08:25:43,0.898379,83.800003,0.02,8.65,0.020000000000000004
154003,2022-08-08 08:25:44,0.898352,83.800003,0.02,8.83,0.020000000000000004
154004,2022-08-08 08:25:45,0.898029,83.800003,0.02,8.83,0.020000000000000004
154005,2022-08-08 08:25:46,0.89173,83.800003,0.02,8.83,0.020000000000000004
154006,2022-08-08 08:25:47,0.897873,83.800003,0.02,8.83,0.020000000000000004
154007,2022-08-08 08:25:48,0.897689,83.900002,0.02,8.83,0.020000000000000004
154008,2022-08-08 08:25:50,0.897577,83.862,0.02,8.83,0.020000000000000004
154009,2022-08-08 08:25:51,0.897646,83.900002,0.02,8.83,0.020000000000000004
154010,2022-08-08 08:25:52,0.89762,84.0,0.02,8.83,0.020000000000000004
154011,2022-08-08 08:25:53,0.89742,84.0,0.02,8.83,0.020000000000000004
154012,2022-08-08 08:25:54,0.897349,83.900002,0.02,8.83,0.020000000000000004
154013,2022-08-08 08:25:55,0.897306,83.900002,0.02,8.9,0.020000000000000004
154014,2022-08-08 08:25:56,0.897237,84.0,0.02,8.9,0.020000000000000004
154015,2022-08-08 08:25:57,0.887725,84.0,0.02,8.9,0.020000000000000004
154016,2022-08-08 08:25:58,0.897114,84.0,0.02,8.9,0.020000000000000004
154017,2022-08-08 08:25:59,0.897027,84.0,0.02,8.9,0.020000000000000004
154018,2022-08-08 08:26:00,0.897044,84.0,0.02,8.9,0.020000000000000004
154019,2022-08-08 08:26:01,0.896957,84.0,0.02,8.9,0.020000000000000004
154020,2022-08-08 08:26:02,0.896694,84.0,0.02,8.9,0.020000000000000004
154021,2022-08-08 08:26:03,0.89672,84.0,0.02,8.9,0.020000000000000004
154022,2022-08-08 08:26:04,0.896715,84.0,0.02,8.9,0.020000000000000004
154023,2022-08-08 08:26:05,0.896495,84.100006,0.02,8.95,0.020000000000000004
154024,2022-08-08 08:26:06,0.896451,84.100006,0.02,8.95,0.020000000000000004
154025,2022-08-08 08:26:07,0.887061,84.0,0.02,8.95,0.020000000000000004
154026,2022-08-08 08:26:08,0.89632,84.100006,0.02,8.95,0.020000000000000004
154027,2022-08-08 08:26:09,0.896242,84.100006,0.02,8.95,0.020000000000000004
154028,2022-08-08 08:26:10,0.896312,84.100006,0.02,8.95,0.020000000000000004
154029,2022-08-08 08:26:11,0.896155,84.100006,0.02,8.95,0.020000000000000004
154030,2022-08-08 08:26:12,0.896084,84.100006,0.02,8.95,0.020000000000000004
154031,2022-08-08 08:26:13,0.896041,84.100006,0.02,8.95,0.020000000000000004
154032,2022-08-08 08:26:14,0.896041,84.100006,0.02,8.95,0.020000000000000004
154033,2022-08-08 08:26:15,0.895945,84.100006,0.02,8.98,0.020000000000000004
154034,2022-08-08 08:26:16,0.895911,84.100006,0.02,8.98,0.020000000000000004
154035,2022-08-08 08:26:17,0.885954,84.199997,0.02,8.98,0.020000000000000004
154036,2022-08-08 08:26:18,0.895815,84.199997,0.02,8.98,0.020000000000000004
154037,2022-08-08 08:26:19,0.895719,84.199997,0.02,8.98,0.020000000000000004
154038,2022-08-08 08:26:20,0.895789,84.199997,0.02,8.98,0.020000000000000004
154039,2022-08-08 08:26:21,0.895606,84.199997,0.02,8.98,0.020000000000000004
154040,2022-08-08 08:26:22,0.895632,84.300003,0.02,8.98,0.020000000000000004
154041,2022-08-08 08:26:23,0.895606,84.300003,0.02,8.98,0.020000000000000004
154042,2022-08-08 08:26:24,0.895535,84.300003,0.02,8.98,0.020000000000000004
154043,2022-08-08 08:26:25,0.895422,84.300003,0.02,8.98,0.020000000000000004
154044,2022-08-08 08:26:26,0.884636,84.300003,0.02,9.01,0.020000000000000004
154045,2022-08-08 08:26:27,0.895162,84.300003,0.02,9.01,0.020000000000000004
154046,2022-08-08 08:26:28,0.895162,84.300003,0.02,9.01,0.020000000000000004
154047,2022-08-08 08:26:29,0.895023,84.300003,0.02,9.01,0.020000000000000004
154048,2022-08-08 08:26:30,0.895144,84.300003,0.02,9.01,0.020000000000000004
154049,2022-08-08 08:26:31,0.895056,84.300003,0.02,9.01,0.020000000000000004
154050,2022-08-08 08:26:32,0.895022,84.300003,0.02,9.01,0.020000000000000004
154051,2022-08-08 08:26:33,0.895013,84.400009,0.02,9.01,0.020000000000000004
154052,2022-08-08 08:26:35,0.894917,84.300003,0.02,9.04,0.020000000000000004
154053,2022-08-08 08:26:36,0.894917,84.385567,0.02,9.04,0.6111291818568282
