,timer,AI.U.E.Co.Tb.1 [V],AI.T.Air.ST.UUT.out [°C],current density [A/cm2],HFR [mOhm],mean current density [A/cm2]
90986,2022-08-04 14:37:34,0.314464,84.514442,1.6,0.855,1.5999999999999996
90987,2022-08-04 14:37:35,0.31456,84.5,1.6,0.855,1.5999999999999996
90988,2022-08-04 14:37:36,0.314605,84.5,1.6,0.855,1.5999999999999996
90989,2022-08-04 14:37:37,0.314732,84.5,1.6,0.855,1.5999999999999996
90990,2022-08-04 14:37:38,0.314498,84.5,1.6,0.855,1.5999999999999996
90991,2022-08-04 14:37:39,0.314828,84.5,1.6,0.855,1.5999999999999996
90992,2022-08-04 14:37:40,0.314647,84.5,1.6,0.855,1.5999999999999996
90993,2022-08-04 14:37:42,0.31524,84.5,1.6,0.855,1.5999999999999996
90994,2022-08-04 14:37:43,0.315351,84.5,1.6,0.855,1.5999999999999996
90995,2022-08-04 14:37:44,0.315668,84.5,1.6,0.605,1.5999999999999996
90996,2022-08-04 14:37:45,0.315833,84.400009,1.6,0.605,1.5999999999999996
90997,2022-08-04 14:37:46,0.315975,84.400009,1.6,0.605,1.5999999999999996
90998,2022-08-04 14:37:47,0.315814,84.400009,1.6,0.605,1.5999999999999996
90999,2022-08-04 14:37:48,0.316041,84.414452,1.6,0.605,1.5999999999999996
91000,2022-08-04 14:37:49,0.316131,84.400009,1.6,0.605,1.5999999999999996
91001,2022-08-04 14:37:50,0.316355,84.400009,1.6,0.605,1.5999999999999996
91002,2022-08-04 14:37:51,0.31666,84.400009,1.6,0.605,1.5999999999999996
91003,2022-08-04 14:37:52,0.261367,84.400009,1.6,0.605,1.5999999999999996
91004,2022-08-04 14:37:53,0.316645,84.400009,1.6,-99.0,1.5999999999999996
91005,2022-08-04 14:37:54,0.317219,84.300003,1.6,-99.0,1.5999999999999996
91006,2022-08-04 14:37:55,0.317463,84.300003,1.6,-99.0,1.5999999999999996
91007,2022-08-04 14:37:56,0.317577,84.300003,1.6,-99.0,1.5999999999999996
91008,2022-08-04 14:37:57,0.317507,84.300003,1.6,-99.0,1.5999999999999996
91009,2022-08-04 14:37:58,0.317655,84.300003,1.6,-99.0,1.5999999999999996
91010,2022-08-04 14:37:59,0.317605,84.300003,1.6,-99.0,1.5999999999999996
91011,2022-08-04 14:38:00,0.318439,84.300003,1.6,-99.0,1.5999999999999996
91012,2022-08-04 14:38:01,0.318352,84.238007,1.6,-99.0,1.5999999999999996
91013,2022-08-04 14:38:02,0.242214,84.199997,1.6,-99.0,1.5999999999999996
91014,2022-08-04 14:38:03,0.318727,84.300003,1.6,-99.0,1.5999999999999996
91015,2022-08-04 14:38:04,0.318877,84.214447,1.6,-99.0,1.5999999999999996
91016,2022-08-04 14:38:05,0.318892,84.100006,1.6,-99.0,1.5999999999999996
91017,2022-08-04 14:38:06,0.319397,84.100006,1.6,-99.0,1.5999999999999996
91018,2022-08-04 14:38:07,0.319564,84.100006,1.6,-99.0,1.5999999999999996
91019,2022-08-04 14:38:08,0.319487,84.100006,1.6,-99.0,1.5999999999999996
91020,2022-08-04 14:38:09,0.319774,84.100006,1.6,-99.0,1.5999999999999996
91021,2022-08-04 14:38:10,0.320104,84.100006,1.6,-99.0,1.5999999999999996
91022,2022-08-04 14:38:11,0.319964,84.100006,1.6,-99.0,1.5999999999999996
91023,2022-08-04 14:38:12,0.320368,84.100006,1.6,-99.0,1.5999999999999996
91024,2022-08-04 14:38:13,0.320435,84.0,1.6,7.11,1.5999999999999996
91025,2022-08-04 14:38:14,0.321171,84.0,1.6,7.11,1.5999999999999996
91026,2022-08-04 14:38:15,0.320681,84.0,1.6,7.11,1.5999999999999996
91027,2022-08-04 14:38:16,0.320527,84.0,1.6,7.11,1.5999999999999996
91028,2022-08-04 14:38:17,0.321053,84.0,1.6,7.11,1.5999999999999996
91029,2022-08-04 14:38:18,0.321222,84.0,1.6,7.11,1.5999999999999996
91030,2022-08-04 14:38:19,0.321343,84.0,1.6,7.11,1.5999999999999996
91031,2022-08-04 14:38:20,0.321336,84.0,1.6,7.11,1.5999999999999996
91032,2022-08-04 14:38:21,0.32165,84.0,1.6,7.11,1.5999999999999996
91033,2022-08-04 14:38:22,0.246873,84.0,1.6,-99.0,1.5999999999999996
91034,2022-08-04 14:38:23,0.321814,83.900002,1.6,-99.0,1.5999999999999996
91035,2022-08-04 14:38:24,0.322308,83.900002,1.6,-99.0,1.5999999999999996
91036,2022-08-04 14:38:25,0.32265,83.914444,1.6,-99.0,1.5999999999999996
91037,2022-08-04 14:38:27,0.322356,83.800003,1.6,-99.0,1.5999999999999996
91038,2022-08-04 14:38:28,0.322921,83.800003,1.6,-99.0,1.5999999999999996
91039,2022-08-04 14:38:29,0.323017,83.800003,1.6,-99.0,1.5999999999999996
91040,2022-08-04 14:38:30,0.323017,83.800003,1.6,-99.0,1.5999999999999996
91041,2022-08-04 14:38:31,0.323295,83.800003,1.6,-99.0,1.5999999999999996
91042,2022-08-04 14:38:32,0.237367,83.800003,1.6,-99.0,1.5999999999999996
91043,2022-08-04 14:38:33,0.323564,83.785561,1.6,-99.0,1.5999999999999996
91044,2022-08-04 14:38:34,0.323715,83.699997,1.6,-99.0,1.5999999999999996
91045,2022-08-04 14:38:34,0.323715,83.699997,1.6,-99.0,0.6111291818568282
91068,2022-08-04 14:38:55,0.400399,83.300011,1.4,7.04,1.4000000000000004
91069,2022-08-04 14:38:56,0.400983,83.300011,1.4,7.04,1.4000000000000004
91070,2022-08-04 14:38:57,0.401737,83.285568,1.4,7.04,1.4000000000000004
91071,2022-08-04 14:38:58,0.402563,83.300011,1.4,7.04,1.4000000000000004
91072,2022-08-04 14:38:59,0.403052,83.099998,1.4,7.04,1.4000000000000004
91073,2022-08-04 14:39:00,0.403576,83.099998,1.4,6.93,1.4000000000000004
91074,2022-08-04 14:39:01,0.404036,83.199997,1.4,6.93,1.4000000000000004
91075,2022-08-04 14:39:02,0.367163,83.099998,1.4,6.93,1.4000000000000004
91076,2022-08-04 14:39:03,0.404926,83.099998,1.4,6.93,1.4000000000000004
91077,2022-08-04 14:39:04,0.405155,83.000008,1.4,6.93,1.4000000000000004
91078,2022-08-04 14:39:05,0.405732,83.000008,1.4,6.93,1.4000000000000004
91079,2022-08-04 14:39:06,0.40613,83.000008,1.4,6.93,1.4000000000000004
91080,2022-08-04 14:39:07,0.406408,82.961998,1.4,6.93,1.4000000000000004
91081,2022-08-04 14:39:08,0.406527,82.900002,1.4,6.93,1.4000000000000004
91082,2022-08-04 14:39:09,0.406619,82.800003,1.4,6.93,1.4000000000000004
91083,2022-08-04 14:39:11,0.406908,82.800003,1.4,6.81,1.4000000000000004
91084,2022-08-04 14:39:12,0.407569,82.800003,1.4,6.81,1.4000000000000004
91085,2022-08-04 14:39:13,0.395785,82.800003,1.4,6.81,1.4000000000000004
91086,2022-08-04 14:39:14,0.408244,82.800003,1.4,6.81,1.4000000000000004
91087,2022-08-04 14:39:15,0.408135,82.785561,1.4,6.81,1.4000000000000004
91088,2022-08-04 14:39:16,0.408276,82.700005,1.4,6.81,1.4000000000000004
91089,2022-08-04 14:39:17,0.409149,82.599998,1.4,6.81,1.4000000000000004
91090,2022-08-04 14:39:18,0.409451,82.599998,1.4,6.81,1.4000000000000004
91091,2022-08-04 14:39:19,0.409434,82.585556,1.4,6.81,1.4000000000000004
91092,2022-08-04 14:39:20,0.409261,82.599998,1.4,6.81,1.4000000000000004
91093,2022-08-04 14:39:21,0.410192,82.5,1.4,6.81,1.4000000000000004
91094,2022-08-04 14:39:22,0.410412,82.5,1.4,6.81,1.4000000000000004
91095,2022-08-04 14:39:23,0.410987,82.5,1.4,6.75,1.4000000000000004
91096,2022-08-04 14:39:24,0.411446,82.400002,1.4,6.75,1.4000000000000004
91097,2022-08-04 14:39:25,0.41105,82.400002,1.4,6.75,1.4000000000000004
91098,2022-08-04 14:39:26,0.411541,82.400002,1.4,6.75,1.4000000000000004
91099,2022-08-04 14:39:27,0.411501,82.300003,1.4,6.75,1.4000000000000004
91100,2022-08-04 14:39:28,0.411908,82.300003,1.4,6.75,1.4000000000000004
91101,2022-08-04 14:39:29,0.412122,82.199997,1.4,6.75,1.4000000000000004
91102,2022-08-04 14:39:30,0.412662,82.199997,1.4,6.75,1.4000000000000004
91103,2022-08-04 14:39:31,0.412617,82.138008,1.4,6.75,1.4000000000000004
91104,2022-08-04 14:39:32,0.410379,82.099998,1.4,6.75,1.4000000000000004
91105,2022-08-04 14:39:33,0.413149,82.099998,1.4,6.75,1.4000000000000004
91106,2022-08-04 14:39:34,0.413298,82.099998,1.4,6.75,1.4000000000000004
91107,2022-08-04 14:39:35,0.413445,82.099998,1.4,6.75,1.4000000000000004
91108,2022-08-04 14:39:36,0.41411,82.0,1.4,6.75,1.4000000000000004
91109,2022-08-04 14:39:37,0.413986,82.0,1.4,6.75,1.4000000000000004
91110,2022-08-04 14:39:38,0.413969,82.0,1.4,6.75,1.4000000000000004
91111,2022-08-04 14:39:39,0.414231,81.900009,1.4,6.75,1.4000000000000004
91112,2022-08-04 14:39:40,0.414333,82.0,1.4,6.64,1.4000000000000004
91113,2022-08-04 14:39:41,0.414149,81.900009,1.4,6.64,1.4000000000000004
91114,2022-08-04 14:39:42,0.414466,81.885567,1.4,6.64,1.4000000000000004
91115,2022-08-04 14:39:43,0.41493,81.800003,1.4,6.64,1.4000000000000004
91116,2022-08-04 14:39:44,0.415437,81.800003,1.4,6.64,1.4000000000000004
91117,2022-08-04 14:39:45,0.415459,81.800003,1.4,6.64,1.4000000000000004
91118,2022-08-04 14:39:46,0.415577,81.738007,1.4,6.64,1.4000000000000004
91119,2022-08-04 14:39:47,0.415521,81.699997,1.4,6.64,1.4000000000000004
91120,2022-08-04 14:39:48,0.416028,81.600006,1.4,6.64,1.4000000000000004
91121,2022-08-04 14:39:49,0.416176,81.661995,1.4,6.64,1.4000000000000004
91122,2022-08-04 14:39:50,0.416028,81.600006,1.4,6.6,1.4000000000000004
91123,2022-08-04 14:39:51,0.416743,81.600006,1.4,6.6,1.4000000000000004
91124,2022-08-04 14:39:52,0.416342,81.600006,1.4,6.6,1.4000000000000004
91125,2022-08-04 14:39:53,0.416977,81.5,1.4,6.6,1.4000000000000004
91126,2022-08-04 14:39:54,0.417379,81.5,1.4,6.6,1.4000000000000004
91127,2022-08-04 14:39:55,0.417379,81.5,1.4,6.6,0.6111291818568282
91149,2022-08-04 14:40:15,0.482719,81.0,1.2,6.58,1.2000000000000002
91150,2022-08-04 14:40:16,0.482555,80.900002,1.2,6.58,1.2000000000000002
91151,2022-08-04 14:40:17,0.483372,80.900002,1.2,6.58,1.2000000000000002
91152,2022-08-04 14:40:18,0.483453,80.862,1.2,6.58,1.2000000000000002
91153,2022-08-04 14:40:19,0.483775,80.800003,1.2,6.58,1.2000000000000002
91154,2022-08-04 14:40:20,0.483782,80.800003,1.2,6.58,1.2000000000000002
91155,2022-08-04 14:40:21,0.484707,80.738007,1.2,6.56,1.2000000000000002
91156,2022-08-04 14:40:22,0.481575,80.699997,1.2,6.56,1.2000000000000002
91157,2022-08-04 14:40:23,0.484462,80.699997,1.2,6.56,1.2000000000000002
91158,2022-08-04 14:40:24,0.484902,80.599998,1.2,6.56,1.2000000000000002
91159,2022-08-04 14:40:25,0.484902,80.599998,1.2,6.56,1.2000000000000002
91160,2022-08-04 14:40:26,0.484946,80.599998,1.2,6.56,1.2000000000000002
91161,2022-08-04 14:40:27,0.486044,80.585556,1.2,6.56,1.2000000000000002
91162,2022-08-04 14:40:28,0.485795,80.5,1.2,6.56,1.2000000000000002
91163,2022-08-04 14:40:29,0.485689,80.5,1.2,6.56,1.2000000000000002
91164,2022-08-04 14:40:30,0.486413,80.5,1.2,6.56,1.2000000000000002
91165,2022-08-04 14:40:31,0.486498,80.5,1.2,6.45,1.2000000000000002
91166,2022-08-04 14:40:32,0.487029,80.400002,1.2,6.45,1.2000000000000002
91167,2022-08-04 14:40:33,0.486321,80.300003,1.2,6.45,1.2000000000000002
91168,2022-08-04 14:40:34,0.487097,80.300003,1.2,6.45,1.2000000000000002
91169,2022-08-04 14:40:35,0.486839,80.300003,1.2,6.45,1.2000000000000002
91170,2022-08-04 14:40:36,0.487345,80.300003,1.2,6.45,1.2000000000000002
91171,2022-08-04 14:40:37,0.487309,80.199997,1.2,6.45,1.2000000000000002
91172,2022-08-04 14:40:38,0.487717,80.199997,1.2,6.45,1.2000000000000002
91173,2022-08-04 14:40:40,0.48765,80.099998,1.2,6.45,1.2000000000000002
91174,2022-08-04 14:40:41,0.487736,80.099998,1.2,6.45,1.2000000000000002
91175,2022-08-04 14:40:42,0.460094,80.099998,1.2,6.45,1.2000000000000002
91176,2022-08-04 14:40:43,0.487922,80.0,1.2,6.45,1.2000000000000002
91177,2022-08-04 14:40:44,0.488387,80.0,1.2,6.45,1.2000000000000002
91178,2022-08-04 14:40:45,0.488533,80.0,1.2,6.45,1.2000000000000002
91179,2022-08-04 14:40:46,0.489425,80.0,1.2,6.45,1.2000000000000002
91180,2022-08-04 14:40:47,0.489141,80.0,1.2,6.45,1.2000000000000002
91181,2022-08-04 14:40:48,0.488703,79.900009,1.2,6.45,1.2000000000000002
91182,2022-08-04 14:40:49,0.489237,79.900009,1.2,6.45,1.2000000000000002
91183,2022-08-04 14:40:50,0.489787,79.800003,1.2,6.45,1.2000000000000002
91184,2022-08-04 14:40:51,0.490103,79.800003,1.2,6.45,1.2000000000000002
91185,2022-08-04 14:40:52,0.489973,79.800003,1.2,6.45,1.2000000000000002
91186,2022-08-04 14:40:53,0.489844,79.800003,1.2,6.34,1.2000000000000002
91187,2022-08-04 14:40:54,0.4898,79.800003,1.2,6.34,1.2000000000000002
91188,2022-08-04 14:40:55,0.490186,79.699997,1.2,6.34,1.2000000000000002
91189,2022-08-04 14:40:56,0.490082,79.699997,1.2,6.34,1.2000000000000002
91190,2022-08-04 14:40:57,0.490601,79.699997,1.2,6.34,1.2000000000000002
91191,2022-08-04 14:40:58,0.490605,79.600006,1.2,6.34,1.2000000000000002
91192,2022-08-04 14:40:59,0.490525,79.600006,1.2,6.34,1.2000000000000002
91193,2022-08-04 14:41:00,0.490268,79.600006,1.2,6.34,1.2000000000000002
91194,2022-08-04 14:41:01,0.490834,79.600006,1.2,6.34,1.2000000000000002
91195,2022-08-04 14:41:02,0.444216,79.561996,1.2,6.34,1.2000000000000002
91196,2022-08-04 14:41:03,0.49155,79.5,1.2,6.34,1.2000000000000002
91197,2022-08-04 14:41:04,0.491697,79.5,1.2,6.34,1.2000000000000002
91198,2022-08-04 14:41:05,0.491318,79.5,1.2,6.34,1.2000000000000002
91199,2022-08-04 14:41:06,0.491205,79.5,1.2,6.34,1.2000000000000002
91200,2022-08-04 14:41:07,0.491545,79.400002,1.2,6.34,1.2000000000000002
91201,2022-08-04 14:41:08,0.491513,79.300003,1.2,6.34,1.2000000000000002
91202,2022-08-04 14:41:09,0.491477,79.300003,1.2,6.34,1.2000000000000002
91203,2022-08-04 14:41:10,0.491663,79.300003,1.2,6.29,1.2000000000000002
91204,2022-08-04 14:41:11,0.49246,79.300003,1.2,6.29,1.2000000000000002
91205,2022-08-04 14:41:12,0.433947,79.300003,1.2,6.29,1.2000000000000002
91206,2022-08-04 14:41:13,0.492008,79.300003,1.2,6.29,1.2000000000000002
91207,2022-08-04 14:41:14,0.492532,79.199997,1.2,6.29,0.6111291818568282
91231,2022-08-04 14:41:36,0.551484,78.699997,1.0,6.25,1.0
91232,2022-08-04 14:41:37,0.551476,78.599998,1.0,6.25,1.0
91233,2022-08-04 14:41:38,0.551622,78.599998,1.0,6.25,1.0
91234,2022-08-04 14:41:39,0.552182,78.599998,1.0,6.25,1.0
91235,2022-08-04 14:41:40,0.551632,78.599998,1.0,6.25,1.0
91236,2022-08-04 14:41:41,0.551798,78.585556,1.0,6.25,1.0
91237,2022-08-04 14:41:42,0.551885,78.500008,1.0,6.29,1.0
91238,2022-08-04 14:41:43,0.551851,78.500008,1.0,6.29,1.0
91239,2022-08-04 14:41:44,0.552288,78.500008,1.0,6.29,1.0
91240,2022-08-04 14:41:45,0.552242,78.500008,1.0,6.29,1.0
91241,2022-08-04 14:41:46,0.552312,78.500008,1.0,6.29,1.0
91242,2022-08-04 14:41:47,0.552242,78.400002,1.0,6.29,1.0
91243,2022-08-04 14:41:48,0.552617,78.423988,1.0,6.29,1.0
91244,2022-08-04 14:41:49,0.552556,78.300003,1.0,6.29,1.0
91245,2022-08-04 14:41:50,0.552783,78.300003,1.0,6.29,1.0
91246,2022-08-04 14:41:51,0.552714,78.300003,1.0,6.29,1.0
91247,2022-08-04 14:41:52,0.501155,78.200005,1.0,6.29,1.0
91248,2022-08-04 14:41:53,0.55301,78.200005,1.0,6.29,1.0
91249,2022-08-04 14:41:54,0.552976,78.200005,1.0,6.29,1.0
91250,2022-08-04 14:41:55,0.55333,78.200005,1.0,6.29,1.0
91251,2022-08-04 14:41:56,0.553211,78.099998,1.0,6.29,1.0
91252,2022-08-04 14:41:57,0.553983,78.099998,1.0,6.29,1.0
91253,2022-08-04 14:41:58,0.552639,78.099998,1.0,6.29,1.0
91254,2022-08-04 14:41:59,0.553504,78.099998,1.0,6.29,1.0
91255,2022-08-04 14:42:00,0.553414,78.099998,1.0,6.29,1.0
91256,2022-08-04 14:42:01,0.552811,78.085556,1.0,6.16,1.0
91257,2022-08-04 14:42:02,0.554152,78.085556,1.0,6.16,1.0
91258,2022-08-04 14:42:03,0.554012,78.0,1.0,6.16,1.0
91259,2022-08-04 14:42:04,0.553295,78.0,1.0,6.16,1.0
91260,2022-08-04 14:42:05,0.554021,78.0,1.0,6.16,1.0
91261,2022-08-04 14:42:06,0.553952,78.0,1.0,6.16,1.0
91262,2022-08-04 14:42:07,0.554336,78.0,1.0,6.16,1.0
91263,2022-08-04 14:42:09,0.554108,78.0,1.0,6.16,1.0
91264,2022-08-04 14:42:10,0.554014,77.900002,1.0,6.16,1.0
91265,2022-08-04 14:42:11,0.55466,77.900002,1.0,6.16,1.0
91266,2022-08-04 14:42:12,0.554875,77.800003,1.0,6.16,1.0
91267,2022-08-04 14:42:13,0.54489,77.800003,1.0,6.16,1.0
91268,2022-08-04 14:42:14,0.554519,77.800003,1.0,6.16,1.0
91269,2022-08-04 14:42:15,0.554404,77.800003,1.0,6.16,1.0
91270,2022-08-04 14:42:16,0.554449,77.800003,1.0,6.16,1.0
91271,2022-08-04 14:42:17,0.554357,77.800003,1.0,6.16,1.0
91272,2022-08-04 14:42:18,0.555112,77.699997,1.0,6.16,1.0
91273,2022-08-04 14:42:19,0.554709,77.699997,1.0,6.16,1.0
91274,2022-08-04 14:42:20,0.555049,77.699997,1.0,6.16,1.0
91275,2022-08-04 14:42:21,0.554121,77.699997,1.0,6.16,1.0
91276,2022-08-04 14:42:22,0.555693,77.699997,1.0,6.16,1.0
91277,2022-08-04 14:42:23,0.555556,77.685555,1.0,6.16,1.0
91278,2022-08-04 14:42:24,0.555059,77.599998,1.0,6.11,1.0
91279,2022-08-04 14:42:25,0.555623,77.599998,1.0,6.11,1.0
91280,2022-08-04 14:42:26,0.555343,77.585556,1.0,6.11,1.0
91281,2022-08-04 14:42:27,0.555443,77.5,1.0,6.11,1.0
91282,2022-08-04 14:42:28,0.554157,77.5,1.0,6.11,1.0
91283,2022-08-04 14:42:29,0.555478,77.599998,1.0,6.11,1.0
91284,2022-08-04 14:42:30,0.555803,77.5,1.0,6.11,1.0
91285,2022-08-04 14:42:31,0.555799,77.5,1.0,6.11,1.0
91286,2022-08-04 14:42:32,0.555344,77.5,1.0,6.11,1.0
91287,2022-08-04 14:42:33,0.555816,77.5,1.0,6.11,1.0
91288,2022-08-04 14:42:34,0.5558,77.5,1.0,6.11,1.0
91289,2022-08-04 14:42:35,0.556189,77.5,1.0,6.11,0.6111291818568282
91313,2022-08-04 14:42:57,0.613209,77.199997,0.8,6.09,0.7999999999999998
91314,2022-08-04 14:42:58,0.613252,77.161995,0.8,6.09,0.7999999999999998
91315,2022-08-04 14:42:59,0.613235,77.100006,0.8,6.09,0.7999999999999998
91316,2022-08-04 14:43:00,0.613191,77.100006,0.8,6.09,0.7999999999999998
91317,2022-08-04 14:43:01,0.613086,77.100006,0.8,6.09,0.7999999999999998
91318,2022-08-04 14:43:02,0.613173,77.100006,0.8,6.09,0.7999999999999998
91319,2022-08-04 14:43:03,0.612999,77.100006,0.8,6.14,0.7999999999999998
91320,2022-08-04 14:43:04,0.613183,77.100006,0.8,6.14,0.7999999999999998
91321,2022-08-04 14:43:05,0.612999,77.0,0.8,6.14,0.7999999999999998
91322,2022-08-04 14:43:06,0.613165,77.100006,0.8,6.14,0.7999999999999998
91323,2022-08-04 14:43:07,0.613086,77.100006,0.8,6.14,0.7999999999999998
91324,2022-08-04 14:43:08,0.612982,77.061996,0.8,6.14,0.7999999999999998
91325,2022-08-04 14:43:09,0.613113,77.0,0.8,6.14,0.7999999999999998
91326,2022-08-04 14:43:10,0.613151,77.0,0.8,6.14,0.7999999999999998
91327,2022-08-04 14:43:11,0.613253,77.0,0.8,6.14,0.7999999999999998
91328,2022-08-04 14:43:12,0.60992,77.0,0.8,6.14,0.7999999999999998
91329,2022-08-04 14:43:13,0.613139,77.0,0.8,6.14,0.7999999999999998
91330,2022-08-04 14:43:14,0.61313,77.0,0.8,6.14,0.7999999999999998
91331,2022-08-04 14:43:15,0.613269,76.900002,0.8,6.14,0.7999999999999998
91332,2022-08-04 14:43:16,0.613199,77.0,0.8,6.14,0.7999999999999998
91333,2022-08-04 14:43:17,0.613244,76.900002,0.8,6.14,0.7999999999999998
91334,2022-08-04 14:43:18,0.613166,76.900002,0.8,6.14,0.7999999999999998
91335,2022-08-04 14:43:19,0.613419,76.838013,0.8,6.14,0.7999999999999998
91336,2022-08-04 14:43:20,0.613366,76.900002,0.8,6.14,0.7999999999999998
91337,2022-08-04 14:43:21,0.613183,76.800018,0.8,6.06,0.7999999999999998
91338,2022-08-04 14:43:22,0.610016,76.862,0.8,6.06,0.7999999999999998
91339,2022-08-04 14:43:23,0.613236,76.900002,0.8,6.06,0.7999999999999998
91340,2022-08-04 14:43:24,0.613496,76.900002,0.8,6.06,0.7999999999999998
91341,2022-08-04 14:43:25,0.613382,76.800018,0.8,6.06,0.7999999999999998
91342,2022-08-04 14:43:26,0.613297,76.800018,0.8,6.06,0.7999999999999998
91343,2022-08-04 14:43:27,0.613479,76.800018,0.8,6.06,0.7999999999999998
91344,2022-08-04 14:43:28,0.613714,76.762001,0.8,6.06,0.7999999999999998
91345,2022-08-04 14:43:29,0.613686,76.800018,0.8,6.06,0.7999999999999998
91346,2022-08-04 14:43:30,0.613714,76.800018,0.8,6.05,0.7999999999999998
91347,2022-08-04 14:43:31,0.613819,76.800018,0.8,6.05,0.7999999999999998
91348,2022-08-04 14:43:32,0.613716,76.785568,0.8,6.05,0.7999999999999998
91349,2022-08-04 14:43:33,0.613548,76.785568,0.8,6.05,0.7999999999999998
91350,2022-08-04 14:43:34,0.613924,76.800018,0.8,6.05,0.7999999999999998
91351,2022-08-04 14:43:35,0.613757,76.699997,0.8,6.05,0.7999999999999998
91352,2022-08-04 14:43:36,0.613672,76.699997,0.8,6.05,0.7999999999999998
91353,2022-08-04 14:43:38,0.613845,76.699997,0.8,6.05,0.7999999999999998
91354,2022-08-04 14:43:39,0.613742,76.699997,0.8,6.05,0.7999999999999998
91355,2022-08-04 14:43:40,0.613782,76.599998,0.8,6.05,0.7999999999999998
91356,2022-08-04 14:43:41,0.613802,76.599998,0.8,6.05,0.7999999999999998
91357,2022-08-04 14:43:42,0.578357,76.685555,0.8,6.05,0.7999999999999998
91358,2022-08-04 14:43:43,0.613959,76.599998,0.8,6.05,0.7999999999999998
91359,2022-08-04 14:43:44,0.613881,76.699997,0.8,6.05,0.7999999999999998
91360,2022-08-04 14:43:45,0.613915,76.699997,0.8,6.05,0.7999999999999998
91361,2022-08-04 14:43:46,0.61388,76.599998,0.8,6.05,0.7999999999999998
91362,2022-08-04 14:43:47,0.613783,76.661987,0.8,6.05,0.7999999999999998
91363,2022-08-04 14:43:48,0.613993,76.599998,0.8,6.05,0.7999999999999998
91364,2022-08-04 14:43:49,0.614072,76.599998,0.8,6.05,0.7999999999999998
91365,2022-08-04 14:43:50,0.613942,76.599998,0.8,6.05,0.7999999999999998
91366,2022-08-04 14:43:51,0.613924,76.599998,0.8,6.04,0.7999999999999998
91367,2022-08-04 14:43:52,0.573855,76.599998,0.8,6.04,0.7999999999999998
91368,2022-08-04 14:43:53,0.613924,76.599998,0.8,6.04,0.7999999999999998
91369,2022-08-04 14:43:54,0.614098,76.599998,0.8,6.04,0.7999999999999998
91370,2022-08-04 14:43:55,0.613931,76.599998,0.8,6.04,0.7999999999999998
91371,2022-08-04 14:43:56,0.613812,76.599998,0.8,6.04,0.6111291818568282
91397,2022-08-04 14:44:18,0.671804,76.500008,0.6,6.02,0.6000000000000001
91398,2022-08-04 14:44:18,0.671804,76.500008,0.6,6.02,0.6000000000000001
91399,2022-08-04 14:44:19,0.671874,76.500008,0.6,6.02,0.6000000000000001
91400,2022-08-04 14:44:20,0.671621,76.500008,0.6,6.12,0.6000000000000001
91401,2022-08-04 14:44:21,0.671751,76.500008,0.6,6.12,0.6000000000000001
91402,2022-08-04 14:44:23,0.629457,76.500008,0.6,6.12,0.6000000000000001
91403,2022-08-04 14:44:24,0.671567,76.500008,0.6,6.12,0.6000000000000001
91404,2022-08-04 14:44:25,0.671315,76.500008,0.6,6.12,0.6000000000000001
91405,2022-08-04 14:44:26,0.671245,76.500008,0.6,6.12,0.6000000000000001
91406,2022-08-04 14:44:27,0.671194,76.500008,0.6,6.12,0.6000000000000001
91407,2022-08-04 14:44:28,0.671228,76.500008,0.6,6.12,0.6000000000000001
91408,2022-08-04 14:44:29,0.671289,76.500008,0.6,6.12,0.6000000000000001
91409,2022-08-04 14:44:30,0.671028,76.500008,0.6,6.12,0.6000000000000001
91410,2022-08-04 14:44:31,0.671115,76.500008,0.6,6.07,0.6000000000000001
91411,2022-08-04 14:44:32,0.671201,76.500008,0.6,6.07,0.6000000000000001
91412,2022-08-04 14:44:33,0.671115,76.500008,0.6,6.07,0.6000000000000001
91413,2022-08-04 14:44:34,0.671088,76.500008,0.6,6.07,0.6000000000000001
91414,2022-08-04 14:44:35,0.670983,76.500008,0.6,6.07,0.6000000000000001
91415,2022-08-04 14:44:36,0.670922,76.500008,0.6,6.07,0.6000000000000001
91416,2022-08-04 14:44:37,0.671071,76.500008,0.6,6.07,0.6000000000000001
91417,2022-08-04 14:44:38,0.67074,76.461998,0.6,6.07,0.6000000000000001
91418,2022-08-04 14:44:39,0.670904,76.438011,0.6,6.07,0.6000000000000001
91419,2022-08-04 14:44:40,0.671054,76.400002,0.6,6.07,0.6000000000000001
91420,2022-08-04 14:44:41,0.670872,76.400002,0.6,6.07,0.6000000000000001
91421,2022-08-04 14:44:42,0.639887,76.400002,0.6,6.07,0.6000000000000001
91422,2022-08-04 14:44:43,0.670958,76.414444,0.6,6.07,0.6000000000000001
91423,2022-08-04 14:44:44,0.670748,76.485565,0.6,6.07,0.6000000000000001
91424,2022-08-04 14:44:45,0.670949,76.400002,0.6,6.07,0.6000000000000001
91425,2022-08-04 14:44:46,0.670652,76.438011,0.6,6.07,0.6000000000000001
91426,2022-08-04 14:44:47,0.670889,76.400002,0.6,6.07,0.6000000000000001
91427,2022-08-04 14:44:48,0.670905,76.400002,0.6,6.07,0.6000000000000001
91428,2022-08-04 14:44:49,0.670652,76.400002,0.6,6.07,0.6000000000000001
91429,2022-08-04 14:44:50,0.670826,76.500008,0.6,6.07,0.6000000000000001
91430,2022-08-04 14:44:51,0.670548,76.400002,0.6,6.05,0.6000000000000001
91431,2022-08-04 14:44:52,0.651446,76.400002,0.6,6.05,0.6000000000000001
91432,2022-08-04 14:44:53,0.670408,76.500008,0.6,6.05,0.6000000000000001
91433,2022-08-04 14:44:54,0.670522,76.400002,0.6,6.05,0.6000000000000001
91434,2022-08-04 14:44:55,0.670549,76.400002,0.6,6.05,0.6000000000000001
91435,2022-08-04 14:44:56,0.670653,76.400002,0.6,6.05,0.6000000000000001
91436,2022-08-04 14:44:57,0.670539,76.400002,0.6,6.05,0.6000000000000001
91437,2022-08-04 14:44:58,0.670609,76.400002,0.6,6.05,0.6000000000000001
91438,2022-08-04 14:44:59,0.670496,76.400002,0.6,6.05,0.6000000000000001
91439,2022-08-04 14:45:00,0.670565,76.400002,0.6,6.05,0.6000000000000001
91440,2022-08-04 14:45:01,0.67087,76.500008,0.6,6.05,0.6000000000000001
91441,2022-08-04 14:45:02,0.664779,76.400002,0.6,6.05,0.6000000000000001
91442,2022-08-04 14:45:03,0.670495,76.485565,0.6,6.05,0.6000000000000001
91443,2022-08-04 14:45:04,0.670539,76.400002,0.6,6.05,0.6000000000000001
91444,2022-08-04 14:45:05,0.67061,76.500008,0.6,6.05,0.6000000000000001
91445,2022-08-04 14:45:07,0.670652,76.400002,0.6,6.05,0.6000000000000001
91446,2022-08-04 14:45:08,0.670462,76.461998,0.6,6.05,0.6000000000000001
91447,2022-08-04 14:45:09,0.670522,76.400002,0.6,6.05,0.6000000000000001
91448,2022-08-04 14:45:10,0.670453,76.400002,0.6,6.05,0.6000000000000001
91449,2022-08-04 14:45:11,0.670479,76.461998,0.6,6.05,0.6000000000000001
91450,2022-08-04 14:45:12,0.670366,76.485565,0.6,6.03,0.6000000000000001
91451,2022-08-04 14:45:13,0.670383,76.400002,0.6,6.03,0.6000000000000001
91452,2022-08-04 14:45:14,0.6704,76.500008,0.6,6.03,0.6000000000000001
91453,2022-08-04 14:45:15,0.670366,76.400002,0.6,6.03,0.6000000000000001
91454,2022-08-04 14:45:16,0.670312,76.400002,0.6,6.03,0.6000000000000001
91455,2022-08-04 14:45:17,0.670462,76.400002,0.6,6.03,0.6000000000000001
91456,2022-08-04 14:45:18,0.670453,76.400002,0.6,6.03,0.6000000000000001
91457,2022-08-04 14:45:18,0.670495,76.400002,0.6,6.03,0.6111291818568282
91479,2022-08-04 14:45:38,0.700805,76.500008,0.5,6.05,0.5
91480,2022-08-04 14:45:39,0.700648,76.500008,0.5,6.05,0.5
91481,2022-08-04 14:45:40,0.700569,76.500008,0.5,6.05,0.5
91482,2022-08-04 14:45:41,0.700552,76.500008,0.5,6.05,0.5
91483,2022-08-04 14:45:42,0.700246,76.500008,0.5,6.05,0.5
91484,2022-08-04 14:45:43,0.700299,76.500008,0.5,6.05,0.5
91485,2022-08-04 14:45:44,0.700229,76.500008,0.5,6.05,0.5
91486,2022-08-04 14:45:45,0.700229,76.500008,0.5,6.05,0.5
91487,2022-08-04 14:45:46,0.700176,76.500008,0.5,6.05,0.5
91488,2022-08-04 14:45:47,0.700062,76.500008,0.5,6.05,0.5
91489,2022-08-04 14:45:48,0.700229,76.500008,0.5,6.05,0.5
91490,2022-08-04 14:45:49,0.699994,76.500008,0.5,6.05,0.5
91491,2022-08-04 14:45:50,0.700009,76.500008,0.5,6.1,0.5
91492,2022-08-04 14:45:52,0.699793,76.500008,0.5,6.1,0.5
91493,2022-08-04 14:45:53,0.699767,76.500008,0.5,6.1,0.5
91494,2022-08-04 14:45:54,0.699609,76.500008,0.5,6.1,0.5
91495,2022-08-04 14:45:55,0.699975,76.500008,0.5,6.1,0.5
91496,2022-08-04 14:45:56,0.699713,76.561996,0.5,6.1,0.5
91497,2022-08-04 14:45:57,0.699793,76.500008,0.5,6.1,0.5
91498,2022-08-04 14:45:58,0.699653,76.599998,0.5,6.1,0.5
91499,2022-08-04 14:45:59,0.699889,76.599998,0.5,6.1,0.5
91500,2022-08-04 14:46:00,0.699584,76.599998,0.5,6.1,0.5
91501,2022-08-04 14:46:01,0.699696,76.599998,0.5,6.09,0.5
91502,2022-08-04 14:46:02,0.694888,76.599998,0.5,6.09,0.5
91503,2022-08-04 14:46:03,0.699609,76.599998,0.5,6.09,0.5
91504,2022-08-04 14:46:04,0.699628,76.599998,0.5,6.09,0.5
91505,2022-08-04 14:46:05,0.699427,76.599998,0.5,6.09,0.5
91506,2022-08-04 14:46:06,0.69948,76.599998,0.5,6.09,0.5
91507,2022-08-04 14:46:07,0.699567,76.599998,0.5,6.09,0.5
91508,2022-08-04 14:46:08,0.699636,76.599998,0.5,6.09,0.5
91509,2022-08-04 14:46:09,0.699524,76.599998,0.5,6.09,0.5
91510,2022-08-04 14:46:10,0.699479,76.599998,0.5,6.09,0.5
91511,2022-08-04 14:46:11,0.699427,76.599998,0.5,6.07,0.5
91512,2022-08-04 14:46:12,0.69934,76.599998,0.5,6.07,0.5
91513,2022-08-04 14:46:13,0.69927,76.599998,0.5,6.07,0.5
91514,2022-08-04 14:46:14,0.699287,76.685555,0.5,6.07,0.5
91515,2022-08-04 14:46:15,0.699428,76.599998,0.5,6.07,0.5
91516,2022-08-04 14:46:16,0.69934,76.699997,0.5,6.07,0.5
91517,2022-08-04 14:46:17,0.699287,76.599998,0.5,6.07,0.5
91518,2022-08-04 14:46:18,0.69934,76.599998,0.5,6.07,0.5
91519,2022-08-04 14:46:19,0.699261,76.599998,0.5,6.07,0.5
91520,2022-08-04 14:46:20,0.699357,76.685555,0.5,6.07,0.5
91521,2022-08-04 14:46:21,0.699244,76.699997,0.5,6.07,0.5
91522,2022-08-04 14:46:22,0.676305,76.699997,0.5,6.07,0.5
91523,2022-08-04 14:46:23,0.699199,76.699997,0.5,6.07,0.5
91524,2022-08-04 14:46:24,0.699286,76.699997,0.5,6.07,0.5
91525,2022-08-04 14:46:25,0.699183,76.800018,0.5,6.07,0.5
91526,2022-08-04 14:46:26,0.6992,76.800018,0.5,6.07,0.5
91527,2022-08-04 14:46:27,0.699173,76.800018,0.5,6.07,0.5
91528,2022-08-04 14:46:28,0.699156,76.699997,0.5,6.07,0.5
91529,2022-08-04 14:46:29,0.69907,76.800018,0.5,6.07,0.5
91530,2022-08-04 14:46:30,0.6992,76.800018,0.5,6.07,0.5
91531,2022-08-04 14:46:31,0.699147,76.800018,0.5,6.1,0.5
91532,2022-08-04 14:46:32,0.699313,76.800018,0.5,6.1,0.5
91533,2022-08-04 14:46:33,0.699313,76.800018,0.5,6.1,0.5
91534,2022-08-04 14:46:34,0.699217,76.800018,0.5,6.1,0.5
91535,2022-08-04 14:46:36,0.699173,76.800018,0.5,6.1,0.5
91536,2022-08-04 14:46:37,0.699217,76.885559,0.5,6.1,0.5
91537,2022-08-04 14:46:38,0.699244,76.800018,0.5,6.1,0.5
91538,2022-08-04 14:46:39,0.699173,76.800018,0.5,6.1,0.6111291818568282
91561,2022-08-04 14:46:59,0.730032,77.0,0.4,6.11,0.3999999999999999
91562,2022-08-04 14:47:00,0.730093,77.0,0.4,6.11,0.3999999999999999
91563,2022-08-04 14:47:01,0.729936,77.0,0.4,6.11,0.3999999999999999
91564,2022-08-04 14:47:02,0.6886,77.0,0.4,6.11,0.3999999999999999
91565,2022-08-04 14:47:03,0.729693,77.03801,0.4,6.11,0.3999999999999999
91566,2022-08-04 14:47:04,0.729641,77.100006,0.4,6.11,0.3999999999999999
91567,2022-08-04 14:47:05,0.729262,77.100006,0.4,6.11,0.3999999999999999
91568,2022-08-04 14:47:06,0.729344,77.100006,0.4,6.11,0.3999999999999999
91569,2022-08-04 14:47:07,0.729213,77.100006,0.4,6.11,0.3999999999999999
91570,2022-08-04 14:47:08,0.729126,77.100006,0.4,6.11,0.3999999999999999
91571,2022-08-04 14:47:09,0.729248,77.085564,0.4,6.11,0.3999999999999999
91572,2022-08-04 14:47:10,0.729134,77.100006,0.4,6.11,0.3999999999999999
91573,2022-08-04 14:47:11,0.72916,77.100006,0.4,6.09,0.3999999999999999
91574,2022-08-04 14:47:12,0.694301,77.100006,0.4,6.09,0.3999999999999999
91575,2022-08-04 14:47:13,0.729091,77.100006,0.4,6.09,0.3999999999999999
91576,2022-08-04 14:47:14,0.729246,77.100006,0.4,6.09,0.3999999999999999
91577,2022-08-04 14:47:15,0.729038,77.100006,0.4,6.09,0.3999999999999999
91578,2022-08-04 14:47:16,0.728794,77.199997,0.4,6.09,0.3999999999999999
91579,2022-08-04 14:47:17,0.72902,77.100006,0.4,6.09,0.3999999999999999
91580,2022-08-04 14:47:18,0.729167,77.199997,0.4,6.09,0.3999999999999999
91581,2022-08-04 14:47:19,0.72911,77.300003,0.4,6.09,0.3999999999999999
91582,2022-08-04 14:47:21,0.729003,77.261993,0.4,6.06,0.3999999999999999
91583,2022-08-04 14:47:22,0.729107,77.199997,0.4,6.06,0.3999999999999999
91584,2022-08-04 14:47:23,0.702774,77.199997,0.4,6.06,0.3999999999999999
91585,2022-08-04 14:47:24,0.72909,77.300003,0.4,6.06,0.3999999999999999
91586,2022-08-04 14:47:25,0.72896,77.199997,0.4,6.06,0.3999999999999999
91587,2022-08-04 14:47:26,0.729021,77.300003,0.4,6.06,0.3999999999999999
91588,2022-08-04 14:47:27,0.729047,77.300003,0.4,6.06,0.3999999999999999
91589,2022-08-04 14:47:28,0.729047,77.300003,0.4,6.06,0.3999999999999999
91590,2022-08-04 14:47:29,0.72882,77.300003,0.4,6.06,0.3999999999999999
91591,2022-08-04 14:47:30,0.729021,77.300003,0.4,6.06,0.3999999999999999
91592,2022-08-04 14:47:31,0.72882,77.300003,0.4,6.06,0.3999999999999999
91593,2022-08-04 14:47:32,0.729064,77.300003,0.4,6.04,0.3999999999999999
91594,2022-08-04 14:47:33,0.728873,77.300003,0.4,6.04,0.3999999999999999
91595,2022-08-04 14:47:34,0.728898,77.400009,0.4,6.04,0.3999999999999999
91596,2022-08-04 14:47:35,0.728908,77.300003,0.4,6.04,0.3999999999999999
91597,2022-08-04 14:47:36,0.728837,77.300003,0.4,6.04,0.3999999999999999
91598,2022-08-04 14:47:37,0.728891,77.400009,0.4,6.04,0.3999999999999999
91599,2022-08-04 14:47:38,0.728916,77.400009,0.4,6.04,0.3999999999999999
91600,2022-08-04 14:47:39,0.728967,77.5,0.4,6.04,0.3999999999999999
91601,2022-08-04 14:47:40,0.72888,77.400009,0.4,6.04,0.3999999999999999
91602,2022-08-04 14:47:41,0.728907,77.400009,0.4,6.04,0.3999999999999999
91603,2022-08-04 14:47:42,0.720615,77.5,0.4,6.04,0.3999999999999999
91604,2022-08-04 14:47:43,0.728777,77.5,0.4,6.04,0.3999999999999999
91605,2022-08-04 14:47:44,0.728977,77.5,0.4,6.04,0.3999999999999999
91606,2022-08-04 14:47:45,0.728864,77.5,0.4,6.04,0.3999999999999999
91607,2022-08-04 14:47:46,0.728794,77.5,0.4,6.04,0.3999999999999999
91608,2022-08-04 14:47:47,0.728838,77.5,0.4,6.04,0.3999999999999999
91609,2022-08-04 14:47:48,0.728847,77.5,0.4,6.04,0.3999999999999999
91610,2022-08-04 14:47:49,0.728837,77.599998,0.4,6.04,0.3999999999999999
91611,2022-08-04 14:47:50,0.728908,77.599998,0.4,6.04,0.3999999999999999
91612,2022-08-04 14:47:51,0.728881,77.53801,0.4,6.04,0.3999999999999999
91613,2022-08-04 14:47:52,0.728881,77.5,0.4,6.04,0.3999999999999999
91614,2022-08-04 14:47:53,0.728803,77.599998,0.4,6.04,0.3999999999999999
91615,2022-08-04 14:47:54,0.728951,77.599998,0.4,6.06,0.3999999999999999
91616,2022-08-04 14:47:55,0.728768,77.599998,0.4,6.06,0.3999999999999999
91617,2022-08-04 14:47:56,0.728864,77.599998,0.4,6.06,0.3999999999999999
91618,2022-08-04 14:47:57,0.72875,77.599998,0.4,6.06,0.3999999999999999
91619,2022-08-04 14:47:58,0.728698,77.661987,0.4,6.06,0.3999999999999999
91620,2022-08-04 14:47:59,0.728741,77.599998,0.4,6.06,0.6111291818568282
91642,2022-08-04 14:48:19,0.763349,77.900002,0.3,6.06,0.30000000000000004
91643,2022-08-04 14:48:20,0.763349,77.900002,0.3,6.06,0.30000000000000004
91644,2022-08-04 14:48:21,0.763288,77.800003,0.3,6.06,0.30000000000000004
91645,2022-08-04 14:48:22,0.763061,77.900002,0.3,6.06,0.30000000000000004
91646,2022-08-04 14:48:23,0.762635,77.900002,0.3,6.06,0.30000000000000004
91647,2022-08-04 14:48:24,0.762582,77.900002,0.3,6.06,0.30000000000000004
91648,2022-08-04 14:48:25,0.762529,78.0,0.3,6.06,0.30000000000000004
91649,2022-08-04 14:48:26,0.762399,78.0,0.3,6.06,0.30000000000000004
91650,2022-08-04 14:48:27,0.762233,78.0,0.3,6.06,0.30000000000000004
91651,2022-08-04 14:48:28,0.762328,78.0,0.3,6.06,0.30000000000000004
91652,2022-08-04 14:48:29,0.762172,78.0,0.3,6.06,0.30000000000000004
91653,2022-08-04 14:48:30,0.762137,78.0,0.3,6.06,0.30000000000000004
91654,2022-08-04 14:48:31,0.76205,78.0,0.3,6.14,0.30000000000000004
91655,2022-08-04 14:48:32,0.762023,78.0,0.3,6.14,0.30000000000000004
91656,2022-08-04 14:48:33,0.761937,78.061996,0.3,6.14,0.30000000000000004
91657,2022-08-04 14:48:34,0.76178,78.099998,0.3,6.14,0.30000000000000004
91658,2022-08-04 14:48:35,0.761824,78.099998,0.3,6.14,0.30000000000000004
91659,2022-08-04 14:48:36,0.761892,78.099998,0.3,6.14,0.30000000000000004
91660,2022-08-04 14:48:37,0.76164,78.099998,0.3,6.14,0.30000000000000004
91661,2022-08-04 14:48:38,0.761736,78.099998,0.3,6.14,0.30000000000000004
91662,2022-08-04 14:48:39,0.761597,78.099998,0.3,6.14,0.30000000000000004
91663,2022-08-04 14:48:40,0.76178,78.099998,0.3,6.14,0.30000000000000004
91664,2022-08-04 14:48:41,0.760246,78.099998,0.3,6.14,0.30000000000000004
91665,2022-08-04 14:48:42,0.761561,78.099998,0.3,6.14,0.30000000000000004
91666,2022-08-04 14:48:43,0.761474,78.200005,0.3,6.14,0.30000000000000004
91667,2022-08-04 14:48:44,0.761631,78.200005,0.3,6.14,0.30000000000000004
91668,2022-08-04 14:48:45,0.761552,78.200005,0.3,6.14,0.30000000000000004
91669,2022-08-04 14:48:46,0.76157,78.300003,0.3,6.14,0.30000000000000004
91670,2022-08-04 14:48:47,0.761429,78.200005,0.3,6.14,0.30000000000000004
91671,2022-08-04 14:48:48,0.761474,78.200005,0.3,6.14,0.30000000000000004
91672,2022-08-04 14:48:50,0.76157,78.300003,0.3,6.14,0.30000000000000004
91673,2022-08-04 14:48:51,0.761214,78.300003,0.3,6.12,0.30000000000000004
91674,2022-08-04 14:48:52,0.760244,78.300003,0.3,6.12,0.30000000000000004
91675,2022-08-04 14:48:53,0.761177,78.300003,0.3,6.12,0.30000000000000004
91676,2022-08-04 14:48:54,0.761222,78.300003,0.3,6.12,0.30000000000000004
91677,2022-08-04 14:48:55,0.761161,78.300003,0.3,6.12,0.30000000000000004
91678,2022-08-04 14:48:56,0.76116,78.314445,0.3,6.12,0.30000000000000004
91679,2022-08-04 14:48:57,0.761378,78.385559,0.3,6.12,0.30000000000000004
91680,2022-08-04 14:48:58,0.761204,78.300003,0.3,6.12,0.30000000000000004
91681,2022-08-04 14:48:59,0.761013,78.362,0.3,6.12,0.30000000000000004
91682,2022-08-04 14:49:00,0.761256,78.500008,0.3,6.12,0.30000000000000004
91683,2022-08-04 14:49:01,0.761047,78.500008,0.3,6.12,0.30000000000000004
91684,2022-08-04 14:49:02,0.76129,78.414444,0.3,6.13,0.30000000000000004
91685,2022-08-04 14:49:03,0.761343,78.500008,0.3,6.13,0.30000000000000004
91686,2022-08-04 14:49:04,0.761021,78.500008,0.3,6.13,0.30000000000000004
91687,2022-08-04 14:49:05,0.761265,78.500008,0.3,6.13,0.30000000000000004
91688,2022-08-04 14:49:06,0.761107,78.500008,0.3,6.13,0.30000000000000004
91689,2022-08-04 14:49:07,0.760978,78.500008,0.3,6.13,0.30000000000000004
91690,2022-08-04 14:49:08,0.761065,78.500008,0.3,6.13,0.30000000000000004
91691,2022-08-04 14:49:09,0.760994,78.500008,0.3,6.13,0.30000000000000004
91692,2022-08-04 14:49:10,0.760952,78.500008,0.3,6.13,0.30000000000000004
91693,2022-08-04 14:49:11,0.760864,78.500008,0.3,6.13,0.30000000000000004
91694,2022-08-04 14:49:12,0.745381,78.53801,0.3,6.13,0.30000000000000004
91695,2022-08-04 14:49:13,0.761222,78.599998,0.3,6.13,0.30000000000000004
91696,2022-08-04 14:49:14,0.760977,78.599998,0.3,6.13,0.30000000000000004
91697,2022-08-04 14:49:15,0.760865,78.599998,0.3,6.13,0.30000000000000004
91698,2022-08-04 14:49:16,0.760934,78.599998,0.3,6.13,0.30000000000000004
91699,2022-08-04 14:49:17,0.760978,78.599998,0.3,6.13,0.30000000000000004
91700,2022-08-04 14:49:18,0.760925,78.599998,0.3,6.13,0.30000000000000004
91701,2022-08-04 14:49:19,0.760838,78.800011,0.3,6.13,0.6111291818568282
91726,2022-08-04 14:49:42,0.697619,79.0,0.2,6.24,0.19999999999999996
91727,2022-08-04 14:49:42,0.697619,79.0,0.2,6.24,0.19999999999999996
91728,2022-08-04 14:49:43,0.796709,79.0,0.2,6.24,0.19999999999999996
91729,2022-08-04 14:49:44,0.796517,79.099998,0.2,6.24,0.19999999999999996
91730,2022-08-04 14:49:45,0.796474,79.099998,0.2,6.24,0.19999999999999996
91731,2022-08-04 14:49:46,0.796308,79.099998,0.2,6.24,0.19999999999999996
91732,2022-08-04 14:49:47,0.796229,79.099998,0.2,6.24,0.19999999999999996
91733,2022-08-04 14:49:48,0.795838,79.099998,0.2,6.24,0.19999999999999996
91734,2022-08-04 14:49:49,0.795812,79.099998,0.2,6.24,0.19999999999999996
91735,2022-08-04 14:49:50,0.795715,79.161987,0.2,6.25,0.19999999999999996
91736,2022-08-04 14:49:51,0.795558,79.199997,0.2,6.25,0.19999999999999996
91737,2022-08-04 14:49:52,0.690769,79.199997,0.2,6.25,0.19999999999999996
91738,2022-08-04 14:49:53,0.795488,79.199997,0.2,6.25,0.19999999999999996
91739,2022-08-04 14:49:54,0.795392,79.199997,0.2,6.25,0.19999999999999996
91740,2022-08-04 14:49:55,0.795376,79.199997,0.2,6.25,0.19999999999999996
91741,2022-08-04 14:49:56,0.795289,79.300003,0.2,6.25,0.19999999999999996
91742,2022-08-04 14:49:57,0.795245,79.300003,0.2,6.25,0.19999999999999996
91743,2022-08-04 14:49:58,0.795165,79.300003,0.2,6.25,0.19999999999999996
91744,2022-08-04 14:49:59,0.795018,79.300003,0.2,6.25,0.19999999999999996
91745,2022-08-04 14:50:00,0.795166,79.300003,0.2,6.25,0.19999999999999996
91746,2022-08-04 14:50:01,0.795166,79.300003,0.2,6.24,0.19999999999999996
91747,2022-08-04 14:50:02,0.795019,79.300003,0.2,6.24,0.19999999999999996
91748,2022-08-04 14:50:03,0.79494,79.300003,0.2,6.24,0.19999999999999996
91749,2022-08-04 14:50:04,0.794854,79.400002,0.2,6.24,0.19999999999999996
91750,2022-08-04 14:50:05,0.794826,79.400002,0.2,6.24,0.19999999999999996
91751,2022-08-04 14:50:06,0.794844,79.400002,0.2,6.24,0.19999999999999996
91752,2022-08-04 14:50:07,0.794756,79.5,0.2,6.24,0.19999999999999996
91753,2022-08-04 14:50:08,0.794826,79.400002,0.2,6.24,0.19999999999999996
91754,2022-08-04 14:50:09,0.794686,79.400002,0.2,6.24,0.19999999999999996
91755,2022-08-04 14:50:10,0.794815,79.400002,0.2,6.24,0.19999999999999996
91756,2022-08-04 14:50:11,0.794817,79.5,0.2,6.24,0.19999999999999996
91757,2022-08-04 14:50:12,0.729426,79.5,0.2,6.24,0.19999999999999996
91758,2022-08-04 14:50:13,0.794686,79.5,0.2,6.24,0.19999999999999996
91759,2022-08-04 14:50:14,0.79466,79.5,0.2,6.24,0.19999999999999996
91760,2022-08-04 14:50:15,0.79453,79.5,0.2,6.24,0.19999999999999996
91761,2022-08-04 14:50:16,0.79453,79.5,0.2,6.24,0.19999999999999996
91762,2022-08-04 14:50:17,0.794546,79.600006,0.2,6.24,0.19999999999999996
91763,2022-08-04 14:50:19,0.794573,79.600006,0.2,6.24,0.19999999999999996
91764,2022-08-04 14:50:20,0.794443,79.600006,0.2,6.24,0.19999999999999996
91765,2022-08-04 14:50:21,0.794459,79.600006,0.2,6.25,0.19999999999999996
91766,2022-08-04 14:50:22,0.794416,79.600006,0.2,6.25,0.19999999999999996
91767,2022-08-04 14:50:23,0.723177,79.600006,0.2,6.25,0.19999999999999996
91768,2022-08-04 14:50:24,0.794347,79.600006,0.2,6.25,0.19999999999999996
91769,2022-08-04 14:50:25,0.794347,79.614449,0.2,6.25,0.19999999999999996
91770,2022-08-04 14:50:26,0.794234,79.600006,0.2,6.25,0.19999999999999996
91771,2022-08-04 14:50:27,0.794347,79.699997,0.2,6.25,0.19999999999999996
91772,2022-08-04 14:50:28,0.794363,79.699997,0.2,6.25,0.19999999999999996
91773,2022-08-04 14:50:29,0.794303,79.699997,0.2,6.25,0.19999999999999996
91774,2022-08-04 14:50:30,0.794303,79.699997,0.2,6.25,0.19999999999999996
91775,2022-08-04 14:50:31,0.794233,79.800003,0.2,6.27,0.19999999999999996
91776,2022-08-04 14:50:32,0.779484,79.800003,0.2,6.27,0.19999999999999996
91777,2022-08-04 14:50:33,0.794163,79.800003,0.2,6.27,0.19999999999999996
91778,2022-08-04 14:50:34,0.794207,79.800003,0.2,6.27,0.19999999999999996
91779,2022-08-04 14:50:35,0.794207,79.800003,0.2,6.27,0.19999999999999996
91780,2022-08-04 14:50:36,0.794234,79.900009,0.2,6.27,0.19999999999999996
91781,2022-08-04 14:50:37,0.794147,79.800003,0.2,6.27,0.19999999999999996
91782,2022-08-04 14:50:38,0.79412,79.900009,0.2,6.27,0.19999999999999996
91783,2022-08-04 14:50:39,0.794147,80.0,0.2,6.27,0.19999999999999996
91784,2022-08-04 14:50:40,0.794033,79.914452,0.2,6.28,0.19999999999999996
91785,2022-08-04 14:50:41,0.79418,80.0,0.2,6.28,0.6111291818568282
91809,2022-08-04 14:51:03,0.818961,80.300003,0.15,6.34,0.15000000000000002
91810,2022-08-04 14:51:04,0.819389,80.300003,0.15,6.34,0.15000000000000002
91811,2022-08-04 14:51:05,0.819233,80.385559,0.15,6.34,0.15000000000000002
91812,2022-08-04 14:51:06,0.819049,80.300003,0.15,6.34,0.15000000000000002
91813,2022-08-04 14:51:07,0.819049,80.400002,0.15,6.34,0.15000000000000002
91814,2022-08-04 14:51:08,0.818987,80.400002,0.15,6.34,0.15000000000000002
91815,2022-08-04 14:51:09,0.818882,80.400002,0.15,6.34,0.15000000000000002
91816,2022-08-04 14:51:10,0.81891,80.5,0.15,6.34,0.15000000000000002
91817,2022-08-04 14:51:11,0.818813,80.400002,0.15,6.34,0.15000000000000002
91818,2022-08-04 14:51:12,0.81877,80.5,0.15,6.34,0.15000000000000002
91819,2022-08-04 14:51:13,0.8187,80.5,0.15,6.46,0.15000000000000002
91820,2022-08-04 14:51:14,0.818484,80.5,0.15,6.46,0.15000000000000002
91821,2022-08-04 14:51:15,0.818481,80.5,0.15,6.46,0.15000000000000002
91822,2022-08-04 14:51:16,0.81842,80.5,0.15,6.46,0.15000000000000002
91823,2022-08-04 14:51:17,0.818307,80.5,0.15,6.46,0.15000000000000002
91824,2022-08-04 14:51:18,0.818177,80.599998,0.15,6.46,0.15000000000000002
91825,2022-08-04 14:51:19,0.818151,80.599998,0.15,6.46,0.15000000000000002
91826,2022-08-04 14:51:20,0.818151,80.599998,0.15,6.46,0.15000000000000002
91827,2022-08-04 14:51:21,0.817977,80.599998,0.15,6.46,0.15000000000000002
91828,2022-08-04 14:51:22,0.817968,80.599998,0.15,6.46,0.15000000000000002
91829,2022-08-04 14:51:23,0.817811,80.599998,0.15,6.46,0.15000000000000002
91830,2022-08-04 14:51:24,0.818001,80.614441,0.15,6.46,0.15000000000000002
91831,2022-08-04 14:51:25,0.817854,80.614441,0.15,6.46,0.15000000000000002
91832,2022-08-04 14:51:26,0.817854,80.699997,0.15,6.46,0.15000000000000002
91833,2022-08-04 14:51:27,0.817854,80.699997,0.15,6.46,0.15000000000000002
91834,2022-08-04 14:51:28,0.817828,80.738007,0.15,6.46,0.15000000000000002
91835,2022-08-04 14:51:29,0.817758,80.699997,0.15,6.46,0.15000000000000002
91836,2022-08-04 14:51:30,0.817627,80.800003,0.15,6.51,0.15000000000000002
91837,2022-08-04 14:51:31,0.817671,80.800003,0.15,6.51,0.15000000000000002
91838,2022-08-04 14:51:32,0.817548,80.800003,0.15,6.51,0.15000000000000002
91839,2022-08-04 14:51:33,0.817558,80.900002,0.15,6.51,0.15000000000000002
91840,2022-08-04 14:51:34,0.817488,80.800003,0.15,6.51,0.15000000000000002
91841,2022-08-04 14:51:35,0.817461,80.814445,0.15,6.51,0.15000000000000002
91842,2022-08-04 14:51:36,0.817488,80.900002,0.15,6.51,0.15000000000000002
91843,2022-08-04 14:51:37,0.817418,80.900002,0.15,6.51,0.15000000000000002
91844,2022-08-04 14:51:38,0.817277,80.900002,0.15,6.51,0.15000000000000002
91845,2022-08-04 14:51:39,0.817418,80.900002,0.15,6.51,0.15000000000000002
91846,2022-08-04 14:51:40,0.817392,81.0,0.15,6.51,0.15000000000000002
91847,2022-08-04 14:51:41,0.817365,81.0,0.15,6.53,0.15000000000000002
91848,2022-08-04 14:51:42,0.817052,81.0,0.15,6.53,0.15000000000000002
91849,2022-08-04 14:51:43,0.817202,81.0,0.15,6.53,0.15000000000000002
91850,2022-08-04 14:51:44,0.817418,81.0,0.15,6.53,0.15000000000000002
91851,2022-08-04 14:51:45,0.81715,81.0,0.15,6.53,0.15000000000000002
91852,2022-08-04 14:51:46,0.817027,81.0,0.15,6.53,0.15000000000000002
91853,2022-08-04 14:51:48,0.816799,81.099998,0.15,6.53,0.15000000000000002
91854,2022-08-04 14:51:49,0.816815,81.099998,0.15,6.53,0.15000000000000002
91855,2022-08-04 14:51:50,0.816842,81.099998,0.15,6.53,0.15000000000000002
91856,2022-08-04 14:51:51,0.816869,81.099998,0.15,6.53,0.15000000000000002
91857,2022-08-04 14:51:52,0.769549,81.099998,0.15,6.53,0.15000000000000002
91858,2022-08-04 14:51:53,0.816572,81.199997,0.15,6.53,0.15000000000000002
91859,2022-08-04 14:51:54,0.816843,81.099998,0.15,6.53,0.15000000000000002
91860,2022-08-04 14:51:55,0.81666,81.099998,0.15,6.53,0.15000000000000002
91861,2022-08-04 14:51:56,0.816755,81.199997,0.15,6.53,0.15000000000000002
91862,2022-08-04 14:51:57,0.816869,81.199997,0.15,6.53,0.15000000000000002
91863,2022-08-04 14:51:58,0.816739,81.300003,0.15,6.53,0.15000000000000002
91864,2022-08-04 14:51:59,0.816869,81.300003,0.15,6.53,0.15000000000000002
91865,2022-08-04 14:52:00,0.816782,81.300003,0.15,6.56,0.15000000000000002
91866,2022-08-04 14:52:01,0.816799,81.300003,0.15,6.56,0.15000000000000002
91867,2022-08-04 14:52:02,0.784289,81.300003,0.15,6.56,0.6111291818568282
91889,2022-08-04 14:52:22,0.803777,81.699997,0.1,6.64,0.09999999999999996
91890,2022-08-04 14:52:22,0.803777,81.699997,0.1,6.64,0.09999999999999996
91891,2022-08-04 14:52:23,0.84615,81.600006,0.1,6.64,0.09999999999999996
91892,2022-08-04 14:52:24,0.846166,81.699997,0.1,6.64,0.09999999999999996
91893,2022-08-04 14:52:25,0.845957,81.800003,0.1,6.64,0.09999999999999996
91894,2022-08-04 14:52:26,0.845913,81.699997,0.1,6.64,0.09999999999999996
91895,2022-08-04 14:52:27,0.845739,81.800003,0.1,6.64,0.09999999999999996
91896,2022-08-04 14:52:28,0.84573,81.800003,0.1,6.64,0.09999999999999996
91897,2022-08-04 14:52:29,0.845634,81.800003,0.1,6.64,0.09999999999999996
91898,2022-08-04 14:52:30,0.845434,81.800003,0.1,6.81,0.09999999999999996
91899,2022-08-04 14:52:32,0.791394,81.800003,0.1,6.81,0.09999999999999996
91900,2022-08-04 14:52:33,0.845295,81.814445,0.1,6.81,0.09999999999999996
91901,2022-08-04 14:52:34,0.845024,81.900009,0.1,6.81,0.09999999999999996
91902,2022-08-04 14:52:35,0.845057,81.900009,0.1,6.81,0.09999999999999996
91903,2022-08-04 14:52:36,0.844971,81.900009,0.1,6.81,0.09999999999999996
91904,2022-08-04 14:52:37,0.844815,81.900009,0.1,6.81,0.09999999999999996
91905,2022-08-04 14:52:38,0.844744,81.900009,0.1,6.81,0.09999999999999996
91906,2022-08-04 14:52:39,0.844658,82.0,0.1,6.81,0.09999999999999996
91907,2022-08-04 14:52:40,0.844614,82.0,0.1,6.85,0.09999999999999996
91908,2022-08-04 14:52:41,0.844588,82.0,0.1,6.85,0.09999999999999996
91909,2022-08-04 14:52:42,0.784672,82.0,0.1,6.85,0.09999999999999996
91910,2022-08-04 14:52:43,0.844432,82.0,0.1,6.85,0.09999999999999996
91911,2022-08-04 14:52:44,0.844405,82.0,0.1,6.85,0.09999999999999996
91912,2022-08-04 14:52:45,0.844335,82.0,0.1,6.85,0.09999999999999996
91913,2022-08-04 14:52:46,0.844292,82.0,0.1,6.85,0.09999999999999996
91914,2022-08-04 14:52:47,0.844248,82.099998,0.1,6.85,0.09999999999999996
91915,2022-08-04 14:52:48,0.844196,82.099998,0.1,6.85,0.09999999999999996
91916,2022-08-04 14:52:49,0.844092,82.099998,0.1,6.85,0.09999999999999996
91917,2022-08-04 14:52:50,0.844179,82.099998,0.1,6.89,0.09999999999999996
91918,2022-08-04 14:52:51,0.844038,82.099998,0.1,6.89,0.09999999999999996
91919,2022-08-04 14:52:52,0.780526,82.099998,0.1,6.89,0.09999999999999996
91920,2022-08-04 14:52:53,0.843969,82.199997,0.1,6.89,0.09999999999999996
91921,2022-08-04 14:52:54,0.844039,82.199997,0.1,6.89,0.09999999999999996
91922,2022-08-04 14:52:55,0.843863,82.214439,0.1,6.89,0.09999999999999996
91923,2022-08-04 14:52:56,0.843899,82.199997,0.1,6.89,0.09999999999999996
91924,2022-08-04 14:52:57,0.843673,82.199997,0.1,6.89,0.09999999999999996
91925,2022-08-04 14:52:58,0.843612,82.300003,0.1,6.89,0.09999999999999996
91926,2022-08-04 14:52:59,0.843786,82.300003,0.1,6.89,0.09999999999999996
91927,2022-08-04 14:53:00,0.843612,82.300003,0.1,6.89,0.09999999999999996
91928,2022-08-04 14:53:01,0.843786,82.300003,0.1,6.91,0.09999999999999996
91929,2022-08-04 14:53:02,0.843472,82.300003,0.1,6.91,0.09999999999999996
91930,2022-08-04 14:53:03,0.843463,82.400002,0.1,6.91,0.09999999999999996
91931,2022-08-04 14:53:04,0.843324,82.300003,0.1,6.91,0.09999999999999996
91932,2022-08-04 14:53:05,0.843393,82.400002,0.1,6.91,0.09999999999999996
91933,2022-08-04 14:53:06,0.843349,82.400002,0.1,6.91,0.09999999999999996
91934,2022-08-04 14:53:07,0.843393,82.400002,0.1,6.91,0.09999999999999996
91935,2022-08-04 14:53:08,0.84328,82.400002,0.1,6.91,0.09999999999999996
91936,2022-08-04 14:53:09,0.843297,82.5,0.1,6.91,0.09999999999999996
91937,2022-08-04 14:53:10,0.843193,82.5,0.1,6.91,0.09999999999999996
91938,2022-08-04 14:53:11,0.843262,82.5,0.1,6.91,0.09999999999999996
91939,2022-08-04 14:53:12,0.798652,82.5,0.1,6.91,0.09999999999999996
91940,2022-08-04 14:53:13,0.843123,82.5,0.1,6.91,0.09999999999999996
91941,2022-08-04 14:53:14,0.843236,82.599998,0.1,6.91,0.09999999999999996
91942,2022-08-04 14:53:16,0.842983,82.5,0.1,6.91,0.09999999999999996
91943,2022-08-04 14:53:17,0.84301,82.599998,0.1,6.91,0.09999999999999996
91944,2022-08-04 14:53:18,0.842967,82.599998,0.1,6.91,0.09999999999999996
91945,2022-08-04 14:53:19,0.842897,82.599998,0.1,6.91,0.09999999999999996
91946,2022-08-04 14:53:20,0.843053,82.599998,0.1,6.91,0.09999999999999996
91947,2022-08-04 14:53:21,0.843027,82.599998,0.1,6.97,0.09999999999999996
91948,2022-08-04 14:53:22,0.842853,82.599998,0.1,6.97,0.09999999999999996
91949,2022-08-04 14:53:22,0.835736,82.700005,0.1,6.97,0.6111291818568282
91976,2022-08-04 14:53:45,0.88162,83.099998,0.05,7.04,0.04999999999999999
91977,2022-08-04 14:53:46,0.881334,83.099998,0.05,7.04,0.04999999999999999
91978,2022-08-04 14:53:47,0.881096,83.099998,0.05,7.04,0.04999999999999999
91979,2022-08-04 14:53:48,0.88093,83.099998,0.05,7.04,0.04999999999999999
91980,2022-08-04 14:53:49,0.880887,83.099998,0.05,7.04,0.04999999999999999
91981,2022-08-04 14:53:50,0.880844,83.099998,0.05,7.28,0.04999999999999999
91982,2022-08-04 14:53:51,0.880547,83.199997,0.05,7.28,0.04999999999999999
91983,2022-08-04 14:53:52,0.87991,83.199997,0.05,7.28,0.04999999999999999
91984,2022-08-04 14:53:53,0.880364,83.199997,0.05,7.28,0.04999999999999999
91985,2022-08-04 14:53:54,0.880355,83.199997,0.05,7.28,0.04999999999999999
91986,2022-08-04 14:53:55,0.880277,83.238007,0.05,7.28,0.04999999999999999
91987,2022-08-04 14:53:56,0.880224,83.300011,0.05,7.28,0.04999999999999999
91988,2022-08-04 14:53:57,0.879997,83.300011,0.05,7.28,0.04999999999999999
91989,2022-08-04 14:53:58,0.87992,83.300011,0.05,7.28,0.04999999999999999
91990,2022-08-04 14:53:59,0.879893,83.300011,0.05,7.28,0.04999999999999999
91991,2022-08-04 14:54:01,0.879745,83.400002,0.05,7.35,0.04999999999999999
91992,2022-08-04 14:54:02,0.879649,83.314453,0.05,7.35,0.04999999999999999
91993,2022-08-04 14:54:03,0.879386,83.300011,0.05,7.35,0.04999999999999999
91994,2022-08-04 14:54:04,0.879422,83.400002,0.05,7.35,0.04999999999999999
91995,2022-08-04 14:54:05,0.879475,83.400002,0.05,7.35,0.04999999999999999
91996,2022-08-04 14:54:06,0.879309,83.400002,0.05,7.35,0.04999999999999999
91997,2022-08-04 14:54:07,0.87931,83.5,0.05,7.35,0.04999999999999999
91998,2022-08-04 14:54:08,0.879282,83.400002,0.05,7.35,0.04999999999999999
91999,2022-08-04 14:54:09,0.879186,83.5,0.05,7.35,0.04999999999999999
92000,2022-08-04 14:54:10,0.879082,83.5,0.05,7.35,0.04999999999999999
92001,2022-08-04 14:54:11,0.878986,83.5,0.05,7.39,0.04999999999999999
92002,2022-08-04 14:54:12,0.878943,83.5,0.05,7.39,0.04999999999999999
92003,2022-08-04 14:54:13,0.878717,83.5,0.05,7.39,0.04999999999999999
92004,2022-08-04 14:54:14,0.878811,83.5,0.05,7.39,0.04999999999999999
92005,2022-08-04 14:54:15,0.878873,83.599998,0.05,7.39,0.04999999999999999
92006,2022-08-04 14:54:16,0.878829,83.599998,0.05,7.39,0.04999999999999999
92007,2022-08-04 14:54:17,0.8787,83.599998,0.05,7.39,0.04999999999999999
92008,2022-08-04 14:54:18,0.878717,83.599998,0.05,7.39,0.04999999999999999
92009,2022-08-04 14:54:19,0.878707,83.599998,0.05,7.39,0.04999999999999999
92010,2022-08-04 14:54:20,0.878349,83.599998,0.05,7.39,0.04999999999999999
92011,2022-08-04 14:54:21,0.878481,83.699997,0.05,7.42,0.04999999999999999
92012,2022-08-04 14:54:22,0.878455,83.599998,0.05,7.42,0.04999999999999999
92013,2022-08-04 14:54:23,0.878253,83.614441,0.05,7.42,0.04999999999999999
92014,2022-08-04 14:54:24,0.878167,83.699997,0.05,7.42,0.04999999999999999
92015,2022-08-04 14:54:25,0.878167,83.699997,0.05,7.42,0.04999999999999999
92016,2022-08-04 14:54:26,0.878167,83.800003,0.05,7.42,0.04999999999999999
92017,2022-08-04 14:54:27,0.878167,83.800003,0.05,7.42,0.04999999999999999
92018,2022-08-04 14:54:28,0.878123,83.699997,0.05,7.42,0.04999999999999999
92019,2022-08-04 14:54:29,0.878001,83.800003,0.05,7.42,0.04999999999999999
92020,2022-08-04 14:54:30,0.87794,83.800003,0.05,7.45,0.04999999999999999
92021,2022-08-04 14:54:31,0.875806,83.800003,0.05,7.45,0.04999999999999999
92022,2022-08-04 14:54:32,0.877931,83.800003,0.05,7.45,0.04999999999999999
92023,2022-08-04 14:54:33,0.87794,83.800003,0.05,7.45,0.04999999999999999
92024,2022-08-04 14:54:34,0.877802,83.800003,0.05,7.45,0.04999999999999999
92025,2022-08-04 14:54:35,0.877791,83.800003,0.05,7.45,0.04999999999999999
92026,2022-08-04 14:54:36,0.87773,83.96199,0.05,7.45,0.04999999999999999
92027,2022-08-04 14:54:37,0.877774,83.900002,0.05,7.45,0.04999999999999999
92028,2022-08-04 14:54:38,0.877687,83.900002,0.05,7.45,0.04999999999999999
92029,2022-08-04 14:54:39,0.877617,84.0,0.05,7.45,0.04999999999999999
92030,2022-08-04 14:54:40,0.877748,84.0,0.05,7.48,0.04999999999999999
92031,2022-08-04 14:54:41,0.875942,84.0,0.05,7.48,0.04999999999999999
92032,2022-08-04 14:54:42,0.877575,84.0,0.05,7.48,0.04999999999999999
92033,2022-08-04 14:54:43,0.87745,84.0,0.05,7.48,0.04999999999999999
92034,2022-08-04 14:54:45,0.877521,84.0,0.05,7.48,0.6111291818568282
92058,2022-08-04 14:55:06,0.914449,84.300003,0.02,7.54,0.020000000000000004
92059,2022-08-04 14:55:07,0.914283,84.199997,0.02,7.54,0.020000000000000004
92060,2022-08-04 14:55:08,0.914056,84.300003,0.02,7.54,0.020000000000000004
92061,2022-08-04 14:55:09,0.913943,84.300003,0.02,7.54,0.020000000000000004
92062,2022-08-04 14:55:10,0.913793,84.300003,0.02,7.74,0.020000000000000004
92063,2022-08-04 14:55:11,0.913733,84.300003,0.02,7.74,0.020000000000000004
92064,2022-08-04 14:55:12,0.90025,84.300003,0.02,7.74,0.020000000000000004
92065,2022-08-04 14:55:13,0.913377,84.300003,0.02,7.74,0.020000000000000004
92066,2022-08-04 14:55:14,0.913272,84.300003,0.02,7.74,0.020000000000000004
92067,2022-08-04 14:55:15,0.913001,84.300003,0.02,7.74,0.020000000000000004
92068,2022-08-04 14:55:16,0.912887,84.400009,0.02,7.74,0.020000000000000004
92069,2022-08-04 14:55:17,0.912905,84.400009,0.02,7.74,0.020000000000000004
92070,2022-08-04 14:55:18,0.912704,84.400009,0.02,7.74,0.020000000000000004
92071,2022-08-04 14:55:19,0.912634,84.300003,0.02,7.74,0.020000000000000004
92072,2022-08-04 14:55:20,0.912581,84.400009,0.02,7.8,0.020000000000000004
92073,2022-08-04 14:55:21,0.912608,84.400009,0.02,7.8,0.020000000000000004
92074,2022-08-04 14:55:22,0.899743,84.400009,0.02,7.8,0.020000000000000004
92075,2022-08-04 14:55:23,0.912312,84.414452,0.02,7.8,0.020000000000000004
92076,2022-08-04 14:55:24,0.912355,84.400009,0.02,7.8,0.020000000000000004
92077,2022-08-04 14:55:25,0.912182,84.400009,0.02,7.8,0.020000000000000004
92078,2022-08-04 14:55:26,0.911876,84.400009,0.02,7.8,0.020000000000000004
92079,2022-08-04 14:55:27,0.911815,84.400009,0.02,7.8,0.020000000000000004
92080,2022-08-04 14:55:28,0.911805,84.5,0.02,7.8,0.020000000000000004
92081,2022-08-04 14:55:30,0.911702,84.5,0.02,7.83,0.020000000000000004
92082,2022-08-04 14:55:31,0.911649,84.5,0.02,7.83,0.020000000000000004
92083,2022-08-04 14:55:32,0.89619,84.5,0.02,7.83,0.020000000000000004
92084,2022-08-04 14:55:33,0.911493,84.5,0.02,7.83,0.020000000000000004
92085,2022-08-04 14:55:34,0.91138,84.5,0.02,7.83,0.020000000000000004
92086,2022-08-04 14:55:35,0.911153,84.5,0.02,7.83,0.020000000000000004
92087,2022-08-04 14:55:36,0.911266,84.5,0.02,7.83,0.020000000000000004
92088,2022-08-04 14:55:37,0.911282,84.5,0.02,7.83,0.020000000000000004
92089,2022-08-04 14:55:38,0.91117,84.5,0.02,7.83,0.020000000000000004
92090,2022-08-04 14:55:39,0.9111,84.5,0.02,7.83,0.020000000000000004
92091,2022-08-04 14:55:40,0.9111,84.5,0.02,7.86,0.020000000000000004
92092,2022-08-04 14:55:41,0.911013,84.5,0.02,7.86,0.020000000000000004
92093,2022-08-04 14:55:42,0.89531,84.5,0.02,7.86,0.020000000000000004
92094,2022-08-04 14:55:43,0.910803,84.5,0.02,7.86,0.020000000000000004
92095,2022-08-04 14:55:44,0.910803,84.5,0.02,7.86,0.020000000000000004
92096,2022-08-04 14:55:45,0.91062,84.5,0.02,7.86,0.020000000000000004
92097,2022-08-04 14:55:46,0.910664,84.561996,0.02,7.86,0.020000000000000004
92098,2022-08-04 14:55:47,0.910437,84.5,0.02,7.86,0.020000000000000004
92099,2022-08-04 14:55:48,0.910524,84.599998,0.02,7.86,0.020000000000000004
92100,2022-08-04 14:55:49,0.910307,84.561996,0.02,7.86,0.020000000000000004
92101,2022-08-04 14:55:50,0.910421,84.599998,0.02,7.88,0.020000000000000004
92102,2022-08-04 14:55:51,0.910281,84.599998,0.02,7.88,0.020000000000000004
92103,2022-08-04 14:55:52,0.895618,84.5,0.02,7.88,0.020000000000000004
92104,2022-08-04 14:55:53,0.910071,84.5,0.02,7.88,0.020000000000000004
92105,2022-08-04 14:55:54,0.910141,84.5,0.02,7.88,0.020000000000000004
92106,2022-08-04 14:55:55,0.910071,84.5,0.02,7.88,0.020000000000000004
92107,2022-08-04 14:55:56,0.910071,84.514442,0.02,7.88,0.020000000000000004
92108,2022-08-04 14:55:57,0.909914,84.5,0.02,7.88,0.020000000000000004
92109,2022-08-04 14:55:58,0.909905,84.5,0.02,7.88,0.020000000000000004
92110,2022-08-04 14:55:59,0.909922,84.514442,0.02,7.88,0.020000000000000004
92111,2022-08-04 14:56:00,0.90987,84.5,0.02,7.89,0.020000000000000004
92112,2022-08-04 14:56:01,0.909801,84.599998,0.02,7.89,0.020000000000000004
92113,2022-08-04 14:56:02,0.899872,84.599998,0.02,7.89,0.020000000000000004
92114,2022-08-04 14:56:03,0.909634,84.5,0.02,7.89,0.020000000000000004
92115,2022-08-04 14:56:04,0.909678,84.514442,0.02,7.89,0.6111291818568282
