,timer,AI.U.E.Co.Tb.1 [V],AI.T.Air.ST.UUT.out [°C],current density [A/cm2],HFR [mOhm],mean current density [A/cm2]
132758,2022-08-07 05:05:35,0.365745,85.199997,1.4,-99.0,1.4000000000000004
132759,2022-08-07 05:05:36,0.365689,85.199997,1.4,-99.0,1.4000000000000004
132760,2022-08-07 05:05:37,0.365684,85.185555,1.4,-99.0,1.4000000000000004
132761,2022-08-07 05:05:39,0.366555,85.199997,1.4,-99.0,1.4000000000000004
132762,2022-08-07 05:05:40,0.366744,85.099998,1.4,-99.0,1.4000000000000004
132763,2022-08-07 05:05:41,0.367301,85.099998,1.4,-99.0,1.4000000000000004
132764,2022-08-07 05:05:42,0.367407,85.099998,1.4,-99.0,1.4000000000000004
132765,2022-08-07 05:05:43,0.368182,85.099998,1.4,-99.0,1.4000000000000004
132766,2022-08-07 05:05:44,0.369091,85.000008,1.4,7.35,1.4000000000000004
132767,2022-08-07 05:05:45,0.369666,85.000008,1.4,7.35,1.4000000000000004
132768,2022-08-07 05:05:46,0.370008,85.000008,1.4,7.35,1.4000000000000004
132769,2022-08-07 05:05:47,0.371203,85.000008,1.4,7.35,1.4000000000000004
132770,2022-08-07 05:05:48,0.371452,85.000008,1.4,7.35,1.4000000000000004
132771,2022-08-07 05:05:49,0.372088,84.961998,1.4,7.35,1.4000000000000004
132772,2022-08-07 05:05:50,0.37242,85.000008,1.4,7.35,1.4000000000000004
132773,2022-08-07 05:05:51,0.3729,84.900009,1.4,7.35,1.4000000000000004
132774,2022-08-07 05:05:52,0.373443,84.900009,1.4,7.35,1.4000000000000004
132775,2022-08-07 05:05:53,0.368173,84.800003,1.4,7.35,1.4000000000000004
132776,2022-08-07 05:05:54,0.374496,84.800003,1.4,7.35,1.4000000000000004
132777,2022-08-07 05:05:55,0.374733,84.800003,1.4,7.35,1.4000000000000004
132778,2022-08-07 05:05:56,0.374998,84.800003,1.4,7.35,1.4000000000000004
132779,2022-08-07 05:05:57,0.375619,84.800003,1.4,7.35,1.4000000000000004
132780,2022-08-07 05:05:58,0.376143,84.700012,1.4,7.35,1.4000000000000004
132781,2022-08-07 05:05:59,0.376143,84.700012,1.4,7.35,1.4000000000000004
132782,2022-08-07 05:06:00,0.376903,84.599998,1.4,7.35,1.4000000000000004
132783,2022-08-07 05:06:01,0.376903,84.599998,1.4,7.35,1.4000000000000004
132784,2022-08-07 05:06:02,0.377549,84.599998,1.4,7.16,1.4000000000000004
132785,2022-08-07 05:06:03,0.377723,84.599998,1.4,7.16,1.4000000000000004
132786,2022-08-07 05:06:04,0.377922,84.599998,1.4,7.16,1.4000000000000004
132787,2022-08-07 05:06:05,0.378044,84.599998,1.4,7.16,1.4000000000000004
132788,2022-08-07 05:06:06,0.378315,84.5,1.4,7.16,1.4000000000000004
132789,2022-08-07 05:06:07,0.378804,84.5,1.4,7.16,1.4000000000000004
132790,2022-08-07 05:06:08,0.37838,84.5,1.4,7.16,1.4000000000000004
132791,2022-08-07 05:06:09,0.378971,84.461998,1.4,7.16,1.4000000000000004
132792,2022-08-07 05:06:10,0.379681,84.400009,1.4,7.16,1.4000000000000004
132793,2022-08-07 05:06:11,0.379703,84.400009,1.4,7.16,1.4000000000000004
132794,2022-08-07 05:06:12,0.378035,84.362,1.4,7.16,1.4000000000000004
132795,2022-08-07 05:06:13,0.380226,84.300003,1.4,7.16,1.4000000000000004
132796,2022-08-07 05:06:14,0.380074,84.300003,1.4,7.16,1.4000000000000004
132797,2022-08-07 05:06:15,0.380738,84.300003,1.4,7.16,1.4000000000000004
132798,2022-08-07 05:06:16,0.381186,84.199997,1.4,7.16,1.4000000000000004
132799,2022-08-07 05:06:17,0.380976,84.199997,1.4,7.16,1.4000000000000004
132800,2022-08-07 05:06:18,0.381087,84.100006,1.4,7.16,1.4000000000000004
132801,2022-08-07 05:06:19,0.381315,84.100006,1.4,7.16,1.4000000000000004
132802,2022-08-07 05:06:20,0.381577,84.100006,1.4,7.08,1.4000000000000004
132803,2022-08-07 05:06:21,0.382038,84.0,1.4,7.08,1.4000000000000004
132804,2022-08-07 05:06:22,0.38211,84.100006,1.4,7.08,1.4000000000000004
132805,2022-08-07 05:06:24,0.382379,84.0,1.4,7.08,1.4000000000000004
132806,2022-08-07 05:06:25,0.382736,84.0,1.4,7.08,1.4000000000000004
132807,2022-08-07 05:06:26,0.383008,84.0,1.4,7.08,1.4000000000000004
132808,2022-08-07 05:06:27,0.383113,84.0,1.4,7.08,1.4000000000000004
132809,2022-08-07 05:06:28,0.383227,84.0,1.4,7.08,1.4000000000000004
132810,2022-08-07 05:06:29,0.383741,83.900002,1.4,7.08,1.4000000000000004
132811,2022-08-07 05:06:30,0.383712,83.900002,1.4,7.08,1.4000000000000004
132812,2022-08-07 05:06:31,0.383984,83.800003,1.4,7.04,1.4000000000000004
132813,2022-08-07 05:06:32,0.384331,83.800003,1.4,7.04,1.4000000000000004
132814,2022-08-07 05:06:33,0.384587,83.800003,1.4,7.04,1.4000000000000004
132815,2022-08-07 05:06:34,0.385012,83.761993,1.4,7.04,1.4000000000000004
132816,2022-08-07 05:06:35,0.385107,83.699997,1.4,7.04,1.4000000000000004
132817,2022-08-07 05:06:35,0.385607,83.699997,1.4,7.04,0.6111291818568282
132839,2022-08-07 05:06:56,0.457287,83.099998,1.2,6.99,1.2000000000000002
132840,2022-08-07 05:06:56,0.457287,83.099998,1.2,6.99,1.2000000000000002
132841,2022-08-07 05:06:57,0.457464,83.099998,1.2,6.99,1.2000000000000002
132842,2022-08-07 05:06:58,0.457951,83.000008,1.2,6.99,1.2000000000000002
132843,2022-08-07 05:06:59,0.458188,83.000008,1.2,6.99,1.2000000000000002
132844,2022-08-07 05:07:00,0.458857,83.000008,1.2,6.99,1.2000000000000002
132845,2022-08-07 05:07:01,0.459198,83.000008,1.2,6.95,1.2000000000000002
132846,2022-08-07 05:07:02,0.459825,82.800003,1.2,6.95,1.2000000000000002
132847,2022-08-07 05:07:03,0.460039,82.800003,1.2,6.95,1.2000000000000002
132848,2022-08-07 05:07:04,0.460636,82.800003,1.2,6.95,1.2000000000000002
132849,2022-08-07 05:07:05,0.46074,82.800003,1.2,6.95,1.2000000000000002
132850,2022-08-07 05:07:06,0.461176,82.599998,1.2,6.95,1.2000000000000002
132851,2022-08-07 05:07:08,0.461241,82.599998,1.2,6.95,1.2000000000000002
132852,2022-08-07 05:07:09,0.461926,82.599998,1.2,6.95,1.2000000000000002
132853,2022-08-07 05:07:10,0.461822,82.5,1.2,6.95,1.2000000000000002
132854,2022-08-07 05:07:11,0.46187,82.5,1.2,6.83,1.2000000000000002
132855,2022-08-07 05:07:12,0.40331,82.5,1.2,6.83,1.2000000000000002
132856,2022-08-07 05:07:13,0.463094,82.5,1.2,6.83,1.2000000000000002
132857,2022-08-07 05:07:14,0.462893,82.400002,1.2,6.83,1.2000000000000002
132858,2022-08-07 05:07:15,0.463147,82.385559,1.2,6.83,1.2000000000000002
132859,2022-08-07 05:07:16,0.463234,82.300003,1.2,6.83,1.2000000000000002
132860,2022-08-07 05:07:17,0.463575,82.300003,1.2,6.83,1.2000000000000002
132861,2022-08-07 05:07:18,0.463975,82.300003,1.2,6.83,1.2000000000000002
132862,2022-08-07 05:07:19,0.464389,82.199997,1.2,6.83,1.2000000000000002
132863,2022-08-07 05:07:20,0.464585,82.099998,1.2,6.75,1.2000000000000002
132864,2022-08-07 05:07:21,0.464533,82.099998,1.2,6.75,1.2000000000000002
132865,2022-08-07 05:07:22,0.39538,82.099998,1.2,6.75,1.2000000000000002
132866,2022-08-07 05:07:23,0.464892,82.099998,1.2,6.75,1.2000000000000002
132867,2022-08-07 05:07:24,0.465126,82.0,1.2,6.75,1.2000000000000002
132868,2022-08-07 05:07:25,0.465232,82.0,1.2,6.75,1.2000000000000002
132869,2022-08-07 05:07:26,0.465408,82.0,1.2,6.75,1.2000000000000002
132870,2022-08-07 05:07:27,0.465801,81.900009,1.2,6.75,1.2000000000000002
132871,2022-08-07 05:07:28,0.46613,81.900009,1.2,6.75,1.2000000000000002
132872,2022-08-07 05:07:29,0.466558,81.838013,1.2,6.75,1.2000000000000002
132873,2022-08-07 05:07:30,0.466599,81.800003,1.2,6.71,1.2000000000000002
132874,2022-08-07 05:07:31,0.467035,81.800003,1.2,6.71,1.2000000000000002
132875,2022-08-07 05:07:32,0.387289,81.699997,1.2,6.71,1.2000000000000002
132876,2022-08-07 05:07:33,0.466985,81.738007,1.2,6.71,1.2000000000000002
132877,2022-08-07 05:07:34,0.467211,81.600006,1.2,6.71,1.2000000000000002
132878,2022-08-07 05:07:35,0.467597,81.600006,1.2,6.71,1.2000000000000002
132879,2022-08-07 05:07:36,0.467707,81.600006,1.2,6.71,1.2000000000000002
132880,2022-08-07 05:07:37,0.467917,81.600006,1.2,6.71,1.2000000000000002
132881,2022-08-07 05:07:38,0.467849,81.600006,1.2,6.71,1.2000000000000002
132882,2022-08-07 05:07:39,0.468075,81.5,1.2,6.71,1.2000000000000002
132883,2022-08-07 05:07:40,0.468091,81.5,1.2,6.71,1.2000000000000002
132884,2022-08-07 05:07:41,0.468701,81.5,1.2,6.71,1.2000000000000002
132885,2022-08-07 05:07:42,0.468483,81.400002,1.2,6.71,1.2000000000000002
132886,2022-08-07 05:07:43,0.469092,81.300003,1.2,6.71,1.2000000000000002
132887,2022-08-07 05:07:44,0.468978,81.300003,1.2,6.65,1.2000000000000002
132888,2022-08-07 05:07:45,0.469391,81.300003,1.2,6.65,1.2000000000000002
132889,2022-08-07 05:07:46,0.469402,81.238007,1.2,6.65,1.2000000000000002
132890,2022-08-07 05:07:47,0.469923,81.199997,1.2,6.65,1.2000000000000002
132891,2022-08-07 05:07:48,0.469795,81.199997,1.2,6.65,1.2000000000000002
132892,2022-08-07 05:07:49,0.469982,81.099998,1.2,6.65,1.2000000000000002
132893,2022-08-07 05:07:50,0.470096,81.099998,1.2,6.65,1.2000000000000002
132894,2022-08-07 05:07:51,0.470271,81.099998,1.2,6.65,1.2000000000000002
132895,2022-08-07 05:07:53,0.379469,81.099998,1.2,6.65,1.2000000000000002
132896,2022-08-07 05:07:54,0.470411,81.03801,1.2,6.65,1.2000000000000002
132897,2022-08-07 05:07:55,0.470883,81.0,1.2,6.65,1.2000000000000002
132898,2022-08-07 05:07:56,0.470883,81.0,1.2,6.65,0.6111291818568282
132921,2022-08-07 05:08:16,0.533347,80.300003,1.0,6.59,1.0
132922,2022-08-07 05:08:17,0.533627,80.300003,1.0,6.59,1.0
132923,2022-08-07 05:08:18,0.533636,80.300003,1.0,6.59,1.0
132924,2022-08-07 05:08:19,0.53375,80.300003,1.0,6.59,1.0
132925,2022-08-07 05:08:20,0.534062,80.300003,1.0,6.59,1.0
132926,2022-08-07 05:08:21,0.534324,80.199997,1.0,6.64,1.0
132927,2022-08-07 05:08:22,0.508273,80.099998,1.0,6.64,1.0
132928,2022-08-07 05:08:23,0.534299,80.099998,1.0,6.64,1.0
132929,2022-08-07 05:08:24,0.534839,80.099998,1.0,6.64,1.0
132930,2022-08-07 05:08:25,0.534829,80.0,1.0,6.64,1.0
132931,2022-08-07 05:08:26,0.535003,80.0,1.0,6.64,1.0
132932,2022-08-07 05:08:27,0.535308,80.0,1.0,6.64,1.0
132933,2022-08-07 05:08:28,0.535486,80.0,1.0,6.64,1.0
132934,2022-08-07 05:08:29,0.535814,79.938011,1.0,6.64,1.0
132935,2022-08-07 05:08:30,0.535911,79.800003,1.0,6.64,1.0
132936,2022-08-07 05:08:31,0.53592,79.862,1.0,6.53,1.0
132937,2022-08-07 05:08:32,0.505793,79.800003,1.0,6.53,1.0
132938,2022-08-07 05:08:33,0.536321,79.800003,1.0,6.53,1.0
132939,2022-08-07 05:08:34,0.536364,79.699997,1.0,6.53,1.0
132940,2022-08-07 05:08:35,0.536444,79.699997,1.0,6.53,1.0
132941,2022-08-07 05:08:37,0.536573,79.699997,1.0,6.53,1.0
132942,2022-08-07 05:08:38,0.536607,79.699997,1.0,6.53,1.0
132943,2022-08-07 05:08:39,0.537017,79.600006,1.0,6.53,1.0
132944,2022-08-07 05:08:40,0.537219,79.600006,1.0,6.53,1.0
132945,2022-08-07 05:08:41,0.537515,79.600006,1.0,6.47,1.0
132946,2022-08-07 05:08:42,0.537286,79.5,1.0,6.47,1.0
132947,2022-08-07 05:08:43,0.533801,79.5,1.0,6.47,1.0
132948,2022-08-07 05:08:44,0.537681,79.5,1.0,6.47,1.0
132949,2022-08-07 05:08:45,0.537882,79.5,1.0,6.47,1.0
132950,2022-08-07 05:08:46,0.537882,79.5,1.0,6.47,1.0
132951,2022-08-07 05:08:47,0.538187,79.400002,1.0,6.47,1.0
132952,2022-08-07 05:08:48,0.538225,79.300003,1.0,6.47,1.0
132953,2022-08-07 05:08:49,0.538484,79.300003,1.0,6.47,1.0
132954,2022-08-07 05:08:50,0.538588,79.300003,1.0,6.47,1.0
132955,2022-08-07 05:08:51,0.53864,79.300003,1.0,6.44,1.0
132956,2022-08-07 05:08:52,0.538937,79.300003,1.0,6.44,1.0
132957,2022-08-07 05:08:53,0.534437,79.199997,1.0,6.44,1.0
132958,2022-08-07 05:08:54,0.538894,79.199997,1.0,6.44,1.0
132959,2022-08-07 05:08:55,0.53905,79.199997,1.0,6.44,1.0
132960,2022-08-07 05:08:56,0.539163,79.099998,1.0,6.44,1.0
132961,2022-08-07 05:08:57,0.539277,79.099998,1.0,6.44,1.0
132962,2022-08-07 05:08:58,0.539417,79.099998,1.0,6.44,1.0
132963,2022-08-07 05:08:59,0.53947,79.099998,1.0,6.44,1.0
132964,2022-08-07 05:09:00,0.539632,79.0,1.0,6.44,1.0
132965,2022-08-07 05:09:01,0.539772,79.0,1.0,6.41,1.0
132966,2022-08-07 05:09:02,0.538793,79.0,1.0,6.41,1.0
132967,2022-08-07 05:09:03,0.539811,78.961998,1.0,6.41,1.0
132968,2022-08-07 05:09:04,0.540255,78.814453,1.0,6.41,1.0
132969,2022-08-07 05:09:05,0.540079,78.900002,1.0,6.41,1.0
132970,2022-08-07 05:09:06,0.540505,78.800011,1.0,6.41,1.0
132971,2022-08-07 05:09:07,0.540057,78.800011,1.0,6.41,1.0
132972,2022-08-07 05:09:08,0.540864,78.800011,1.0,6.41,1.0
132973,2022-08-07 05:09:09,0.540828,78.800011,1.0,6.41,1.0
132974,2022-08-07 05:09:10,0.540715,78.800011,1.0,6.38,1.0
132975,2022-08-07 05:09:11,0.540909,78.800011,1.0,6.38,1.0
132976,2022-08-07 05:09:12,0.539525,78.699997,1.0,6.38,1.0
132977,2022-08-07 05:09:13,0.541037,78.699997,1.0,6.38,1.0
132978,2022-08-07 05:09:14,0.541169,78.599998,1.0,6.38,1.0
132979,2022-08-07 05:09:15,0.541448,78.599998,1.0,6.38,0.6111291818568282
133003,2022-08-07 05:09:37,0.6017,78.200005,0.8,6.34,0.7999999999999998
133004,2022-08-07 05:09:38,0.60168,78.099998,0.8,6.34,0.7999999999999998
133005,2022-08-07 05:09:39,0.601534,78.099998,0.8,6.34,0.7999999999999998
133006,2022-08-07 05:09:40,0.601534,78.099998,0.8,6.34,0.7999999999999998
133007,2022-08-07 05:09:41,0.601543,78.0,0.8,6.44,0.7999999999999998
133008,2022-08-07 05:09:42,0.60162,78.0,0.8,6.44,0.7999999999999998
133009,2022-08-07 05:09:43,0.601604,78.0,0.8,6.44,0.7999999999999998
133010,2022-08-07 05:09:44,0.6017,78.0,0.8,6.44,0.7999999999999998
133011,2022-08-07 05:09:45,0.601717,78.0,0.8,6.44,0.7999999999999998
133012,2022-08-07 05:09:46,0.601812,77.900002,0.8,6.44,0.7999999999999998
133013,2022-08-07 05:09:47,0.60177,77.900002,0.8,6.44,0.7999999999999998
133014,2022-08-07 05:09:48,0.601787,77.800003,0.8,6.44,0.7999999999999998
133015,2022-08-07 05:09:49,0.601943,77.862,0.8,6.44,0.7999999999999998
133016,2022-08-07 05:09:50,0.60204,77.800003,0.8,6.35,0.7999999999999998
133017,2022-08-07 05:09:51,0.60204,77.800003,0.8,6.35,0.7999999999999998
133018,2022-08-07 05:09:52,0.577318,77.800003,0.8,6.35,0.7999999999999998
133019,2022-08-07 05:09:53,0.602223,77.800003,0.8,6.35,0.7999999999999998
133020,2022-08-07 05:09:54,0.602233,77.800003,0.8,6.35,0.7999999999999998
133021,2022-08-07 05:09:55,0.60244,77.699997,0.8,6.35,0.7999999999999998
133022,2022-08-07 05:09:56,0.602493,77.699997,0.8,6.35,0.7999999999999998
133023,2022-08-07 05:09:57,0.602702,77.614441,0.8,6.35,0.7999999999999998
133024,2022-08-07 05:09:58,0.602702,77.599998,0.8,6.35,0.7999999999999998
133025,2022-08-07 05:09:59,0.602832,77.599998,0.8,6.35,0.7999999999999998
133026,2022-08-07 05:10:00,0.602789,77.599998,0.8,6.35,0.7999999999999998
133027,2022-08-07 05:10:01,0.602843,77.599998,0.8,6.3,0.7999999999999998
133028,2022-08-07 05:10:02,0.602972,77.599998,0.8,6.3,0.7999999999999998
133029,2022-08-07 05:10:03,0.603015,77.5,0.8,6.3,0.7999999999999998
133030,2022-08-07 05:10:04,0.603068,77.561996,0.8,6.3,0.7999999999999998
133031,2022-08-07 05:10:06,0.603138,77.5,0.8,6.3,0.7999999999999998
133032,2022-08-07 05:10:07,0.603112,77.5,0.8,6.3,0.7999999999999998
133033,2022-08-07 05:10:08,0.603269,77.5,0.8,6.3,0.7999999999999998
133034,2022-08-07 05:10:09,0.603365,77.5,0.8,6.3,0.7999999999999998
133035,2022-08-07 05:10:10,0.603313,77.400009,0.8,6.3,0.7999999999999998
133036,2022-08-07 05:10:11,0.603452,77.400009,0.8,6.3,0.7999999999999998
133037,2022-08-07 05:10:12,0.555175,77.400009,0.8,6.3,0.7999999999999998
133038,2022-08-07 05:10:13,0.603452,77.400009,0.8,6.3,0.7999999999999998
133039,2022-08-07 05:10:14,0.603434,77.300003,0.8,6.3,0.7999999999999998
133040,2022-08-07 05:10:15,0.603722,77.300003,0.8,6.3,0.7999999999999998
133041,2022-08-07 05:10:16,0.603687,77.300003,0.8,6.3,0.7999999999999998
133042,2022-08-07 05:10:17,0.603689,77.300003,0.8,6.3,0.7999999999999998
133043,2022-08-07 05:10:18,0.604028,77.300003,0.8,6.3,0.7999999999999998
133044,2022-08-07 05:10:19,0.603872,77.300003,0.8,6.3,0.7999999999999998
133045,2022-08-07 05:10:20,0.604011,77.300003,0.8,6.26,0.7999999999999998
133046,2022-08-07 05:10:21,0.604097,77.300003,0.8,6.26,0.7999999999999998
133047,2022-08-07 05:10:22,0.548157,77.300003,0.8,6.26,0.7999999999999998
133048,2022-08-07 05:10:23,0.604113,77.238007,0.8,6.26,0.7999999999999998
133049,2022-08-07 05:10:24,0.604193,77.199997,0.8,6.26,0.7999999999999998
133050,2022-08-07 05:10:25,0.604297,77.199997,0.8,6.26,0.7999999999999998
133051,2022-08-07 05:10:26,0.60428,77.100006,0.8,6.26,0.7999999999999998
133052,2022-08-07 05:10:27,0.604236,77.100006,0.8,6.26,0.7999999999999998
133053,2022-08-07 05:10:28,0.604341,77.100006,0.8,6.26,0.7999999999999998
133054,2022-08-07 05:10:29,0.60441,77.100006,0.8,6.26,0.7999999999999998
133055,2022-08-07 05:10:30,0.60448,77.100006,0.8,6.26,0.7999999999999998
133056,2022-08-07 05:10:31,0.604506,77.100006,0.8,6.25,0.7999999999999998
133057,2022-08-07 05:10:32,0.537517,77.100006,0.8,6.25,0.7999999999999998
133058,2022-08-07 05:10:33,0.604463,77.100006,0.8,6.25,0.7999999999999998
133059,2022-08-07 05:10:34,0.604647,77.100006,0.8,6.25,0.7999999999999998
133060,2022-08-07 05:10:35,0.604559,77.0,0.8,6.25,0.7999999999999998
133061,2022-08-07 05:10:36,0.604559,77.085564,0.8,6.25,0.7999999999999998
133062,2022-08-07 05:10:36,0.604559,77.085564,0.8,6.25,0.6111291818568282
133087,2022-08-07 05:10:59,0.664427,76.800018,0.6,6.22,0.6000000000000001
133088,2022-08-07 05:11:00,0.664296,76.800018,0.6,6.22,0.6000000000000001
133089,2022-08-07 05:11:01,0.664086,76.800018,0.6,6.34,0.6000000000000001
133090,2022-08-07 05:11:02,0.664086,76.800018,0.6,6.34,0.6000000000000001
133091,2022-08-07 05:11:03,0.664017,76.800018,0.6,6.34,0.6000000000000001
133092,2022-08-07 05:11:04,0.664,76.800018,0.6,6.34,0.6000000000000001
133093,2022-08-07 05:11:05,0.663974,76.699997,0.6,6.34,0.6000000000000001
133094,2022-08-07 05:11:06,0.663834,76.699997,0.6,6.34,0.6000000000000001
133095,2022-08-07 05:11:07,0.664,76.699997,0.6,6.34,0.6000000000000001
133096,2022-08-07 05:11:08,0.663914,76.800018,0.6,6.34,0.6000000000000001
133097,2022-08-07 05:11:09,0.663921,76.800018,0.6,6.34,0.6000000000000001
133098,2022-08-07 05:11:10,0.663972,76.699997,0.6,6.29,0.6000000000000001
133099,2022-08-07 05:11:11,0.663834,76.699997,0.6,6.29,0.6000000000000001
133100,2022-08-07 05:11:12,0.605981,76.699997,0.6,6.29,0.6000000000000001
133101,2022-08-07 05:11:13,0.663806,76.699997,0.6,6.29,0.6000000000000001
133102,2022-08-07 05:11:14,0.663703,76.699997,0.6,6.29,0.6000000000000001
133103,2022-08-07 05:11:15,0.663894,76.638,0.6,6.29,0.6000000000000001
133104,2022-08-07 05:11:16,0.663746,76.599998,0.6,6.29,0.6000000000000001
133105,2022-08-07 05:11:17,0.663781,76.599998,0.6,6.29,0.6000000000000001
133106,2022-08-07 05:11:18,0.663667,76.599998,0.6,6.29,0.6000000000000001
133107,2022-08-07 05:11:19,0.663753,76.599998,0.6,6.29,0.6000000000000001
133108,2022-08-07 05:11:20,0.663799,76.599998,0.6,6.25,0.6000000000000001
133109,2022-08-07 05:11:21,0.663746,76.599998,0.6,6.25,0.6000000000000001
133110,2022-08-07 05:11:22,0.642104,76.599998,0.6,6.25,0.6000000000000001
133111,2022-08-07 05:11:23,0.663834,76.599998,0.6,6.25,0.6000000000000001
133112,2022-08-07 05:11:24,0.66378,76.599998,0.6,6.25,0.6000000000000001
133113,2022-08-07 05:11:25,0.663832,76.599998,0.6,6.25,0.6000000000000001
133114,2022-08-07 05:11:26,0.663887,76.500008,0.6,6.25,0.6000000000000001
133115,2022-08-07 05:11:27,0.663806,76.599998,0.6,6.25,0.6000000000000001
133116,2022-08-07 05:11:28,0.66366,76.500008,0.6,6.25,0.6000000000000001
133117,2022-08-07 05:11:29,0.663912,76.51445,0.6,6.25,0.6000000000000001
133118,2022-08-07 05:11:30,0.663667,76.53801,0.6,6.23,0.6000000000000001
133119,2022-08-07 05:11:31,0.663703,76.599998,0.6,6.23,0.6000000000000001
133120,2022-08-07 05:11:32,0.640198,76.561996,0.6,6.23,0.6000000000000001
133121,2022-08-07 05:11:33,0.663748,76.500008,0.6,6.23,0.6000000000000001
133122,2022-08-07 05:11:35,0.663894,76.500008,0.6,6.23,0.6000000000000001
133123,2022-08-07 05:11:36,0.663868,76.500008,0.6,6.23,0.6000000000000001
133124,2022-08-07 05:11:37,0.663868,76.500008,0.6,6.23,0.6000000000000001
133125,2022-08-07 05:11:38,0.663833,76.500008,0.6,6.23,0.6000000000000001
133126,2022-08-07 05:11:39,0.663834,76.500008,0.6,6.23,0.6000000000000001
133127,2022-08-07 05:11:40,0.664,76.500008,0.6,6.23,0.6000000000000001
133128,2022-08-07 05:11:41,0.663947,76.500008,0.6,6.23,0.6000000000000001
133129,2022-08-07 05:11:42,0.663779,76.500008,0.6,6.23,0.6000000000000001
133130,2022-08-07 05:11:43,0.660731,76.500008,0.6,6.23,0.6000000000000001
133131,2022-08-07 05:11:44,0.663695,76.500008,0.6,6.23,0.6000000000000001
133132,2022-08-07 05:11:45,0.663834,76.500008,0.6,6.23,0.6000000000000001
133133,2022-08-07 05:11:46,0.663843,76.500008,0.6,6.23,0.6000000000000001
133134,2022-08-07 05:11:47,0.663694,76.500008,0.6,6.23,0.6000000000000001
133135,2022-08-07 05:11:48,0.663815,76.500008,0.6,6.23,0.6000000000000001
133136,2022-08-07 05:11:49,0.663798,76.500008,0.6,6.23,0.6000000000000001
133137,2022-08-07 05:11:50,0.663834,76.500008,0.6,6.23,0.6000000000000001
133138,2022-08-07 05:11:51,0.663703,76.500008,0.6,6.23,0.6000000000000001
133139,2022-08-07 05:11:52,0.663695,76.500008,0.6,6.23,0.6000000000000001
133140,2022-08-07 05:11:53,0.662166,76.500008,0.6,6.23,0.6000000000000001
133141,2022-08-07 05:11:54,0.663521,76.500008,0.6,6.23,0.6000000000000001
133142,2022-08-07 05:11:55,0.663738,76.438011,0.6,6.23,0.6000000000000001
133143,2022-08-07 05:11:56,0.663914,76.500008,0.6,6.23,0.6000000000000001
133144,2022-08-07 05:11:57,0.663494,76.500008,0.6,6.23,0.6000000000000001
133145,2022-08-07 05:11:58,0.663713,76.500008,0.6,6.23,0.6000000000000001
133146,2022-08-07 05:11:59,0.663713,76.500008,0.6,6.23,0.6111291818568282
133168,2022-08-07 05:12:19,0.694979,76.400002,0.5,6.23,0.5
133169,2022-08-07 05:12:20,0.694849,76.500008,0.5,6.23,0.5
133170,2022-08-07 05:12:21,0.694833,76.400002,0.5,6.27,0.5
133171,2022-08-07 05:12:22,0.69464,76.400002,0.5,6.27,0.5
133172,2022-08-07 05:12:23,0.694239,76.400002,0.5,6.27,0.5
133173,2022-08-07 05:12:24,0.694457,76.400002,0.5,6.27,0.5
133174,2022-08-07 05:12:25,0.69417,76.461998,0.5,6.27,0.5
133175,2022-08-07 05:12:26,0.694229,76.500008,0.5,6.27,0.5
133176,2022-08-07 05:12:27,0.69403,76.485565,0.5,6.27,0.5
133177,2022-08-07 05:12:28,0.6941,76.400002,0.5,6.27,0.5
133178,2022-08-07 05:12:29,0.693977,76.400002,0.5,6.27,0.5
133179,2022-08-07 05:12:30,0.69389,76.500008,0.5,6.27,0.5
133180,2022-08-07 05:12:31,0.693934,76.400002,0.5,6.27,0.5
133181,2022-08-07 05:12:32,0.693959,76.500008,0.5,6.27,0.5
133182,2022-08-07 05:12:33,0.69382,76.485565,0.5,6.27,0.5
133183,2022-08-07 05:12:34,0.693734,76.414444,0.5,6.27,0.5
133184,2022-08-07 05:12:35,0.693863,76.500008,0.5,6.27,0.5
133185,2022-08-07 05:12:36,0.693819,76.400002,0.5,6.27,0.5
133186,2022-08-07 05:12:37,0.693733,76.485565,0.5,6.27,0.5
133187,2022-08-07 05:12:38,0.693934,76.500008,0.5,6.27,0.5
133188,2022-08-07 05:12:39,0.693732,76.500008,0.5,6.27,0.5
133189,2022-08-07 05:12:40,0.693707,76.500008,0.5,6.27,0.5
133190,2022-08-07 05:12:41,0.69375,76.500008,0.5,6.26,0.5
133191,2022-08-07 05:12:42,0.693751,76.500008,0.5,6.26,0.5
133192,2022-08-07 05:12:43,0.693767,76.500008,0.5,6.26,0.5
133193,2022-08-07 05:12:44,0.693454,76.500008,0.5,6.26,0.5
133194,2022-08-07 05:12:45,0.693611,76.500008,0.5,6.26,0.5
133195,2022-08-07 05:12:46,0.69355,76.500008,0.5,6.26,0.5
133196,2022-08-07 05:12:47,0.693741,76.500008,0.5,6.26,0.5
133197,2022-08-07 05:12:48,0.693507,76.500008,0.5,6.26,0.5
133198,2022-08-07 05:12:49,0.69348,76.500008,0.5,6.26,0.5
133199,2022-08-07 05:12:50,0.69361,76.500008,0.5,6.26,0.5
133200,2022-08-07 05:12:51,0.693507,76.500008,0.5,6.26,0.5
133201,2022-08-07 05:12:52,0.677578,76.500008,0.5,6.26,0.5
133202,2022-08-07 05:12:53,0.693584,76.500008,0.5,6.26,0.5
133203,2022-08-07 05:12:54,0.693454,76.500008,0.5,6.26,0.5
133204,2022-08-07 05:12:55,0.693541,76.500008,0.5,6.26,0.5
133205,2022-08-07 05:12:56,0.693368,76.500008,0.5,6.26,0.5
133206,2022-08-07 05:12:57,0.69334,76.500008,0.5,6.26,0.5
133207,2022-08-07 05:12:58,0.69341,76.500008,0.5,6.26,0.5
133208,2022-08-07 05:12:59,0.693454,76.500008,0.5,6.26,0.5
133209,2022-08-07 05:13:00,0.693454,76.500008,0.5,6.27,0.5
133210,2022-08-07 05:13:01,0.659502,76.500008,0.5,6.27,0.5
133211,2022-08-07 05:13:02,0.693272,76.500008,0.5,6.27,0.5
133212,2022-08-07 05:13:04,0.693411,76.500008,0.5,6.27,0.5
133213,2022-08-07 05:13:05,0.693384,76.500008,0.5,6.27,0.5
133214,2022-08-07 05:13:06,0.693428,76.500008,0.5,6.27,0.5
133215,2022-08-07 05:13:07,0.693331,76.500008,0.5,6.27,0.5
133216,2022-08-07 05:13:08,0.693183,76.585556,0.5,6.27,0.5
133217,2022-08-07 05:13:09,0.69334,76.500008,0.5,6.27,0.5
133218,2022-08-07 05:13:10,0.692957,76.500008,0.5,6.27,0.5
133219,2022-08-07 05:13:11,0.69313,76.500008,0.5,6.27,0.5
133220,2022-08-07 05:13:12,0.661463,76.599998,0.5,6.27,0.5
133221,2022-08-07 05:13:13,0.693097,76.500008,0.5,6.27,0.5
133222,2022-08-07 05:13:14,0.693183,76.500008,0.5,6.27,0.5
133223,2022-08-07 05:13:15,0.692949,76.500008,0.5,6.27,0.5
133224,2022-08-07 05:13:16,0.693086,76.500008,0.5,6.27,0.5
133225,2022-08-07 05:13:17,0.693132,76.599998,0.5,6.27,0.5
133226,2022-08-07 05:13:18,0.693132,76.599998,0.5,6.27,0.5
133227,2022-08-07 05:13:19,0.692905,76.599998,0.5,6.27,0.6111291818568282
133250,2022-08-07 05:13:39,0.724775,76.699997,0.4,6.27,0.3999999999999999
133251,2022-08-07 05:13:40,0.724609,76.699997,0.4,6.31,0.3999999999999999
133252,2022-08-07 05:13:41,0.724756,76.699997,0.4,6.31,0.3999999999999999
133253,2022-08-07 05:13:42,0.683178,76.785568,0.4,6.31,0.3999999999999999
133254,2022-08-07 05:13:43,0.724426,76.699997,0.4,6.31,0.3999999999999999
133255,2022-08-07 05:13:44,0.724355,76.800018,0.4,6.31,0.3999999999999999
133256,2022-08-07 05:13:45,0.724199,76.800018,0.4,6.31,0.3999999999999999
133257,2022-08-07 05:13:46,0.72399,76.714439,0.4,6.31,0.3999999999999999
133258,2022-08-07 05:13:48,0.724173,76.699997,0.4,6.31,0.3999999999999999
133259,2022-08-07 05:13:49,0.724233,76.800018,0.4,6.31,0.3999999999999999
133260,2022-08-07 05:13:50,0.724329,76.800018,0.4,6.31,0.3999999999999999
133261,2022-08-07 05:13:51,0.724032,76.800018,0.4,6.27,0.3999999999999999
133262,2022-08-07 05:13:52,0.72419,76.800018,0.4,6.27,0.3999999999999999
133263,2022-08-07 05:13:53,0.684265,76.800018,0.4,6.27,0.3999999999999999
133264,2022-08-07 05:13:54,0.724137,76.800018,0.4,6.27,0.3999999999999999
133265,2022-08-07 05:13:55,0.724076,76.800018,0.4,6.27,0.3999999999999999
133266,2022-08-07 05:13:56,0.723963,76.800018,0.4,6.27,0.3999999999999999
133267,2022-08-07 05:13:57,0.724147,76.800018,0.4,6.27,0.3999999999999999
133268,2022-08-07 05:13:58,0.724128,76.800018,0.4,6.27,0.3999999999999999
133269,2022-08-07 05:13:59,0.724147,76.800018,0.4,6.27,0.3999999999999999
133270,2022-08-07 05:14:00,0.724059,76.862,0.4,6.27,0.3999999999999999
133271,2022-08-07 05:14:01,0.724077,76.800018,0.4,6.24,0.3999999999999999
133272,2022-08-07 05:14:02,0.691946,76.838013,0.4,6.24,0.3999999999999999
133273,2022-08-07 05:14:03,0.72392,76.800018,0.4,6.24,0.3999999999999999
133274,2022-08-07 05:14:04,0.724077,76.800018,0.4,6.24,0.3999999999999999
133275,2022-08-07 05:14:05,0.723997,76.900002,0.4,6.24,0.3999999999999999
133276,2022-08-07 05:14:06,0.723807,76.985558,0.4,6.24,0.3999999999999999
133277,2022-08-07 05:14:07,0.723999,76.900002,0.4,6.24,0.3999999999999999
133278,2022-08-07 05:14:08,0.723989,76.900002,0.4,6.24,0.3999999999999999
133279,2022-08-07 05:14:09,0.724059,76.900002,0.4,6.24,0.3999999999999999
133280,2022-08-07 05:14:10,0.723937,76.938011,0.4,6.24,0.3999999999999999
133281,2022-08-07 05:14:11,0.724033,77.0,0.4,6.23,0.3999999999999999
133282,2022-08-07 05:14:12,0.723963,77.0,0.4,6.23,0.3999999999999999
133283,2022-08-07 05:14:13,0.723946,77.0,0.4,6.23,0.3999999999999999
133284,2022-08-07 05:14:14,0.724034,77.0,0.4,6.23,0.3999999999999999
133285,2022-08-07 05:14:15,0.723999,77.0,0.4,6.23,0.3999999999999999
133286,2022-08-07 05:14:16,0.723938,77.0,0.4,6.23,0.3999999999999999
133287,2022-08-07 05:14:17,0.723876,77.0,0.4,6.23,0.3999999999999999
133288,2022-08-07 05:14:18,0.724034,77.0,0.4,6.23,0.3999999999999999
133289,2022-08-07 05:14:19,0.724103,77.0,0.4,6.23,0.3999999999999999
133290,2022-08-07 05:14:20,0.723946,77.0,0.4,6.23,0.3999999999999999
133291,2022-08-07 05:14:21,0.724033,77.0,0.4,6.23,0.3999999999999999
133292,2022-08-07 05:14:22,0.709673,77.0,0.4,6.23,0.3999999999999999
133293,2022-08-07 05:14:23,0.723762,77.061996,0.4,6.23,0.3999999999999999
133294,2022-08-07 05:14:24,0.724016,77.0,0.4,6.23,0.3999999999999999
133295,2022-08-07 05:14:25,0.724016,77.0,0.4,6.23,0.3999999999999999
133296,2022-08-07 05:14:26,0.723719,77.100006,0.4,6.23,0.3999999999999999
133297,2022-08-07 05:14:27,0.723989,77.100006,0.4,6.23,0.3999999999999999
133298,2022-08-07 05:14:28,0.724103,77.100006,0.4,6.23,0.3999999999999999
133299,2022-08-07 05:14:29,0.723946,77.100006,0.4,6.23,0.3999999999999999
133300,2022-08-07 05:14:30,0.723936,77.100006,0.4,6.24,0.3999999999999999
133301,2022-08-07 05:14:31,0.723876,77.100006,0.4,6.24,0.3999999999999999
133302,2022-08-07 05:14:33,0.719937,77.100006,0.4,6.24,0.3999999999999999
133303,2022-08-07 05:14:34,0.72384,77.100006,0.4,6.24,0.3999999999999999
133304,2022-08-07 05:14:35,0.723634,77.100006,0.4,6.24,0.3999999999999999
133305,2022-08-07 05:14:36,0.723788,77.138008,0.4,6.24,0.3999999999999999
133306,2022-08-07 05:14:37,0.72372,77.199997,0.4,6.24,0.3999999999999999
133307,2022-08-07 05:14:38,0.723963,77.100006,0.4,6.24,0.3999999999999999
133308,2022-08-07 05:14:39,0.72392,77.161995,0.4,6.24,0.3999999999999999
133309,2022-08-07 05:14:39,0.723624,77.199997,0.4,6.24,0.6111291818568282
133331,2022-08-07 05:15:00,0.759146,77.400009,0.3,6.24,0.30000000000000004
133332,2022-08-07 05:15:00,0.758868,77.400009,0.3,6.24,0.30000000000000004
133333,2022-08-07 05:15:01,0.758431,77.5,0.3,6.24,0.30000000000000004
133334,2022-08-07 05:15:02,0.75762,77.5,0.3,6.24,0.30000000000000004
133335,2022-08-07 05:15:03,0.758205,77.5,0.3,6.24,0.30000000000000004
133336,2022-08-07 05:15:04,0.758065,77.5,0.3,6.24,0.30000000000000004
133337,2022-08-07 05:15:05,0.757952,77.5,0.3,6.24,0.30000000000000004
133338,2022-08-07 05:15:06,0.757996,77.5,0.3,6.24,0.30000000000000004
133339,2022-08-07 05:15:07,0.757811,77.5,0.3,6.24,0.30000000000000004
133340,2022-08-07 05:15:08,0.757595,77.5,0.3,6.24,0.30000000000000004
133341,2022-08-07 05:15:09,0.757735,77.5,0.3,6.24,0.30000000000000004
133342,2022-08-07 05:15:10,0.757681,77.5,0.3,6.33,0.30000000000000004
133343,2022-08-07 05:15:11,0.757524,77.599998,0.3,6.33,0.30000000000000004
133344,2022-08-07 05:15:12,0.757463,77.599998,0.3,6.33,0.30000000000000004
133345,2022-08-07 05:15:13,0.757515,77.5,0.3,6.33,0.30000000000000004
133346,2022-08-07 05:15:14,0.757185,77.5,0.3,6.33,0.30000000000000004
133347,2022-08-07 05:15:15,0.757403,77.585556,0.3,6.33,0.30000000000000004
133348,2022-08-07 05:15:17,0.757098,77.599998,0.3,6.33,0.30000000000000004
133349,2022-08-07 05:15:18,0.757412,77.599998,0.3,6.33,0.30000000000000004
133350,2022-08-07 05:15:19,0.756993,77.599998,0.3,6.33,0.30000000000000004
133351,2022-08-07 05:15:20,0.757165,77.599998,0.3,6.33,0.30000000000000004
133352,2022-08-07 05:15:21,0.757185,77.599998,0.3,6.33,0.30000000000000004
133353,2022-08-07 05:15:22,0.756949,77.599998,0.3,6.31,0.30000000000000004
133354,2022-08-07 05:15:23,0.75708,77.599998,0.3,6.31,0.30000000000000004
133355,2022-08-07 05:15:24,0.756966,77.614441,0.3,6.31,0.30000000000000004
133356,2022-08-07 05:15:25,0.756906,77.699997,0.3,6.31,0.30000000000000004
133357,2022-08-07 05:15:26,0.756966,77.699997,0.3,6.31,0.30000000000000004
133358,2022-08-07 05:15:27,0.756739,77.699997,0.3,6.31,0.30000000000000004
133359,2022-08-07 05:15:28,0.756809,77.699997,0.3,6.31,0.30000000000000004
133360,2022-08-07 05:15:29,0.756713,77.800003,0.3,6.31,0.30000000000000004
133361,2022-08-07 05:15:30,0.756713,77.800003,0.3,6.31,0.30000000000000004
133362,2022-08-07 05:15:31,0.756723,77.699997,0.3,6.31,0.30000000000000004
133363,2022-08-07 05:15:32,0.756697,77.699997,0.3,6.31,0.30000000000000004
133364,2022-08-07 05:15:33,0.756643,77.761993,0.3,6.31,0.30000000000000004
133365,2022-08-07 05:15:34,0.756539,77.800003,0.3,6.31,0.30000000000000004
133366,2022-08-07 05:15:35,0.756539,77.800003,0.3,6.31,0.30000000000000004
133367,2022-08-07 05:15:36,0.756443,77.800003,0.3,6.31,0.30000000000000004
133368,2022-08-07 05:15:37,0.75647,77.800003,0.3,6.31,0.30000000000000004
133369,2022-08-07 05:15:38,0.75654,77.800003,0.3,6.31,0.30000000000000004
133370,2022-08-07 05:15:39,0.756644,77.800003,0.3,6.31,0.30000000000000004
133371,2022-08-07 05:15:40,0.756469,77.800003,0.3,6.31,0.30000000000000004
133372,2022-08-07 05:15:41,0.756573,77.885559,0.3,6.32,0.30000000000000004
133373,2022-08-07 05:15:42,0.747227,77.800003,0.3,6.32,0.30000000000000004
133374,2022-08-07 05:15:43,0.756442,77.900002,0.3,6.32,0.30000000000000004
133375,2022-08-07 05:15:44,0.756461,77.900002,0.3,6.32,0.30000000000000004
133376,2022-08-07 05:15:45,0.756444,77.900002,0.3,6.32,0.30000000000000004
133377,2022-08-07 05:15:46,0.756461,78.0,0.3,6.32,0.30000000000000004
133378,2022-08-07 05:15:47,0.756444,77.900002,0.3,6.32,0.30000000000000004
133379,2022-08-07 05:15:48,0.756443,78.0,0.3,6.32,0.30000000000000004
133380,2022-08-07 05:15:49,0.756556,78.0,0.3,6.32,0.30000000000000004
133381,2022-08-07 05:15:50,0.75647,78.0,0.3,6.32,0.30000000000000004
133382,2022-08-07 05:15:51,0.756287,78.0,0.3,6.32,0.30000000000000004
133383,2022-08-07 05:15:52,0.756443,78.0,0.3,6.32,0.30000000000000004
133384,2022-08-07 05:15:53,0.7562,78.0,0.3,6.32,0.30000000000000004
133385,2022-08-07 05:15:54,0.756399,78.0,0.3,6.33,0.30000000000000004
133386,2022-08-07 05:15:55,0.75633,78.085556,0.3,6.33,0.30000000000000004
133387,2022-08-07 05:15:56,0.75633,78.085556,0.3,6.33,0.30000000000000004
133388,2022-08-07 05:15:57,0.756287,78.099998,0.3,6.33,0.30000000000000004
133389,2022-08-07 05:15:58,0.756346,78.099998,0.3,6.33,0.30000000000000004
133390,2022-08-07 05:15:59,0.756346,78.099998,0.3,6.33,0.30000000000000004
133391,2022-08-07 05:16:00,0.756191,78.099998,0.3,6.33,0.6111291818568282
133418,2022-08-07 05:16:23,0.792463,78.500008,0.2,6.44,0.19999999999999998
133419,2022-08-07 05:16:24,0.792246,78.500008,0.2,6.44,0.19999999999999998
133420,2022-08-07 05:16:25,0.792158,78.500008,0.2,6.44,0.19999999999999998
133421,2022-08-07 05:16:26,0.791714,78.500008,0.2,6.44,0.19999999999999998
133422,2022-08-07 05:16:27,0.791574,78.500008,0.2,6.44,0.19999999999999998
133423,2022-08-07 05:16:28,0.7916,78.500008,0.2,6.44,0.19999999999999998
133424,2022-08-07 05:16:29,0.791461,78.500008,0.2,6.44,0.19999999999999998
133425,2022-08-07 05:16:30,0.791504,78.500008,0.2,6.45,0.19999999999999998
133426,2022-08-07 05:16:31,0.79119,78.500008,0.2,6.45,0.19999999999999998
133427,2022-08-07 05:16:32,0.688148,78.500008,0.2,6.45,0.19999999999999998
133428,2022-08-07 05:16:33,0.791077,78.500008,0.2,6.45,0.19999999999999998
133429,2022-08-07 05:16:34,0.791033,78.53801,0.2,6.45,0.19999999999999998
133430,2022-08-07 05:16:35,0.790981,78.599998,0.2,6.45,0.19999999999999998
133431,2022-08-07 05:16:36,0.790868,78.500008,0.2,6.45,0.19999999999999998
133432,2022-08-07 05:16:37,0.790667,78.599998,0.2,6.45,0.19999999999999998
133433,2022-08-07 05:16:38,0.790781,78.599998,0.2,6.45,0.19999999999999998
133434,2022-08-07 05:16:39,0.790728,78.599998,0.2,6.45,0.19999999999999998
133435,2022-08-07 05:16:40,0.790581,78.599998,0.2,6.45,0.19999999999999998
133436,2022-08-07 05:16:41,0.790607,78.599998,0.2,6.45,0.19999999999999998
133437,2022-08-07 05:16:42,0.790607,78.599998,0.2,6.44,0.19999999999999998
133438,2022-08-07 05:16:43,0.790424,78.599998,0.2,6.44,0.19999999999999998
133439,2022-08-07 05:16:44,0.790414,78.699997,0.2,6.44,0.19999999999999998
133440,2022-08-07 05:16:46,0.790317,78.699997,0.2,6.44,0.19999999999999998
133441,2022-08-07 05:16:47,0.790231,78.699997,0.2,6.44,0.19999999999999998
133442,2022-08-07 05:16:48,0.790232,78.714447,0.2,6.44,0.19999999999999998
133443,2022-08-07 05:16:49,0.790275,78.800011,0.2,6.44,0.19999999999999998
133444,2022-08-07 05:16:50,0.790179,78.800011,0.2,6.44,0.19999999999999998
133445,2022-08-07 05:16:51,0.790274,78.800011,0.2,6.44,0.19999999999999998
133446,2022-08-07 05:16:52,0.790178,78.800011,0.2,6.44,0.19999999999999998
133447,2022-08-07 05:16:53,0.699489,78.800011,0.2,6.44,0.19999999999999998
133448,2022-08-07 05:16:54,0.790048,78.800011,0.2,6.44,0.19999999999999998
133449,2022-08-07 05:16:55,0.790048,78.800011,0.2,6.44,0.19999999999999998
133450,2022-08-07 05:16:56,0.789979,78.800011,0.2,6.44,0.19999999999999998
133451,2022-08-07 05:16:57,0.790066,78.800011,0.2,6.44,0.19999999999999998
133452,2022-08-07 05:16:58,0.790022,78.900002,0.2,6.44,0.19999999999999998
133453,2022-08-07 05:16:59,0.790082,78.900002,0.2,6.44,0.19999999999999998
133454,2022-08-07 05:17:00,0.789909,78.961998,0.2,6.46,0.19999999999999998
133455,2022-08-07 05:17:01,0.789909,79.0,0.2,6.46,0.19999999999999998
133456,2022-08-07 05:17:02,0.693293,79.0,0.2,6.46,0.19999999999999998
133457,2022-08-07 05:17:03,0.789952,79.0,0.2,6.46,0.19999999999999998
133458,2022-08-07 05:17:04,0.789952,79.0,0.2,6.46,0.19999999999999998
133459,2022-08-07 05:17:05,0.790013,79.0,0.2,6.46,0.19999999999999998
133460,2022-08-07 05:17:06,0.789856,79.0,0.2,6.46,0.19999999999999998
133461,2022-08-07 05:17:07,0.789751,79.0,0.2,6.46,0.19999999999999998
133462,2022-08-07 05:17:08,0.789839,79.061996,0.2,6.46,0.19999999999999998
133463,2022-08-07 05:17:09,0.789683,79.0,0.2,6.46,0.19999999999999998
133464,2022-08-07 05:17:10,0.789699,79.099998,0.2,6.46,0.19999999999999998
133465,2022-08-07 05:17:11,0.789742,79.099998,0.2,6.46,0.19999999999999998
133466,2022-08-07 05:17:12,0.761034,79.099998,0.2,6.46,0.19999999999999998
133467,2022-08-07 05:17:13,0.789812,79.099998,0.2,6.46,0.19999999999999998
133468,2022-08-07 05:17:14,0.789612,79.099998,0.2,6.46,0.19999999999999998
133469,2022-08-07 05:17:15,0.789682,79.099998,0.2,6.46,0.19999999999999998
133470,2022-08-07 05:17:16,0.789742,79.099998,0.2,6.46,0.19999999999999998
133471,2022-08-07 05:17:17,0.789786,79.199997,0.2,6.46,0.19999999999999998
133472,2022-08-07 05:17:18,0.789699,79.138008,0.2,6.46,0.19999999999999998
133473,2022-08-07 05:17:19,0.789629,79.199997,0.2,6.46,0.19999999999999998
133474,2022-08-07 05:17:20,0.789586,79.199997,0.2,6.47,0.19999999999999998
133475,2022-08-07 05:17:21,0.789559,79.199997,0.2,6.47,0.6111291818568282
133499,2022-08-07 05:17:43,0.81426,79.5,0.15,6.48,0.15000000000000002
133500,2022-08-07 05:17:44,0.815107,79.5,0.15,6.48,0.15000000000000002
133501,2022-08-07 05:17:45,0.814951,79.600006,0.15,6.48,0.15000000000000002
133502,2022-08-07 05:17:46,0.814855,79.5,0.15,6.48,0.15000000000000002
133503,2022-08-07 05:17:47,0.814672,79.600006,0.15,6.48,0.15000000000000002
133504,2022-08-07 05:17:48,0.814698,79.600006,0.15,6.48,0.15000000000000002
133505,2022-08-07 05:17:49,0.814489,79.600006,0.15,6.48,0.15000000000000002
133506,2022-08-07 05:17:50,0.814619,79.600006,0.15,6.48,0.15000000000000002
133507,2022-08-07 05:17:51,0.814314,79.600006,0.15,6.66,0.15000000000000002
133508,2022-08-07 05:17:52,0.814401,79.600006,0.15,6.66,0.15000000000000002
133509,2022-08-07 05:17:53,0.813414,79.600006,0.15,6.66,0.15000000000000002
133510,2022-08-07 05:17:54,0.814079,79.699997,0.15,6.66,0.15000000000000002
133511,2022-08-07 05:17:55,0.814009,79.699997,0.15,6.66,0.15000000000000002
133512,2022-08-07 05:17:56,0.81387,79.800003,0.15,6.66,0.15000000000000002
133513,2022-08-07 05:17:57,0.813827,79.699997,0.15,6.66,0.15000000000000002
133514,2022-08-07 05:17:58,0.81373,79.699997,0.15,6.66,0.15000000000000002
133515,2022-08-07 05:17:59,0.813702,79.800003,0.15,6.66,0.15000000000000002
133516,2022-08-07 05:18:00,0.813643,79.800003,0.15,6.71,0.15000000000000002
133517,2022-08-07 05:18:01,0.813617,79.800003,0.15,6.71,0.15000000000000002
133518,2022-08-07 05:18:02,0.813284,79.800003,0.15,6.71,0.15000000000000002
133519,2022-08-07 05:18:03,0.813416,79.800003,0.15,6.71,0.15000000000000002
133520,2022-08-07 05:18:04,0.813503,79.838013,0.15,6.71,0.15000000000000002
133521,2022-08-07 05:18:05,0.813433,79.900009,0.15,6.71,0.15000000000000002
133522,2022-08-07 05:18:06,0.813347,79.900009,0.15,6.71,0.15000000000000002
133523,2022-08-07 05:18:07,0.813233,80.0,0.15,6.71,0.15000000000000002
133524,2022-08-07 05:18:08,0.813251,80.0,0.15,6.71,0.15000000000000002
133525,2022-08-07 05:18:09,0.813233,79.900009,0.15,6.71,0.15000000000000002
133526,2022-08-07 05:18:10,0.813233,80.0,0.15,6.73,0.15000000000000002
133527,2022-08-07 05:18:11,0.812946,80.0,0.15,6.73,0.15000000000000002
133528,2022-08-07 05:18:12,0.812728,80.0,0.15,6.73,0.15000000000000002
133529,2022-08-07 05:18:13,0.812902,80.0,0.15,6.73,0.15000000000000002
133530,2022-08-07 05:18:15,0.813068,80.0,0.15,6.73,0.15000000000000002
133531,2022-08-07 05:18:16,0.812859,80.0,0.15,6.73,0.15000000000000002
133532,2022-08-07 05:18:17,0.812788,80.0,0.15,6.73,0.15000000000000002
133533,2022-08-07 05:18:18,0.812727,80.099998,0.15,6.73,0.15000000000000002
133534,2022-08-07 05:18:19,0.812684,80.0,0.15,6.73,0.15000000000000002
133535,2022-08-07 05:18:20,0.81271,80.099998,0.15,6.73,0.15000000000000002
133536,2022-08-07 05:18:21,0.812657,80.099998,0.15,6.75,0.15000000000000002
133537,2022-08-07 05:18:22,0.812244,80.099998,0.15,6.75,0.15000000000000002
133538,2022-08-07 05:18:23,0.812474,80.099998,0.15,6.75,0.15000000000000002
133539,2022-08-07 05:18:24,0.812518,80.099998,0.15,6.75,0.15000000000000002
133540,2022-08-07 05:18:25,0.812545,80.099998,0.15,6.75,0.15000000000000002
133541,2022-08-07 05:18:26,0.812474,80.199997,0.15,6.75,0.15000000000000002
133542,2022-08-07 05:18:27,0.812361,80.199997,0.15,6.75,0.15000000000000002
133543,2022-08-07 05:18:28,0.812485,80.199997,0.15,6.75,0.15000000000000002
133544,2022-08-07 05:18:29,0.812404,80.238007,0.15,6.75,0.15000000000000002
133545,2022-08-07 05:18:30,0.81243,80.300003,0.15,6.75,0.15000000000000002
133546,2022-08-07 05:18:31,0.812405,80.300003,0.15,6.77,0.15000000000000002
133547,2022-08-07 05:18:32,0.812291,80.300003,0.15,6.77,0.15000000000000002
133548,2022-08-07 05:18:33,0.812108,80.300003,0.15,6.77,0.15000000000000002
133549,2022-08-07 05:18:34,0.812247,80.300003,0.15,6.77,0.15000000000000002
133550,2022-08-07 05:18:35,0.812265,80.400002,0.15,6.77,0.15000000000000002
133551,2022-08-07 05:18:36,0.812291,80.362,0.15,6.77,0.15000000000000002
133552,2022-08-07 05:18:37,0.812248,80.300003,0.15,6.77,0.15000000000000002
133553,2022-08-07 05:18:38,0.812221,80.400002,0.15,6.77,0.15000000000000002
133554,2022-08-07 05:18:39,0.812291,80.400002,0.15,6.77,0.15000000000000002
133555,2022-08-07 05:18:40,0.812125,80.400002,0.15,6.79,0.15000000000000002
133556,2022-08-07 05:18:41,0.812091,80.400002,0.15,6.79,0.15000000000000002
133557,2022-08-07 05:18:42,0.800962,80.485558,0.15,6.79,0.15000000000000002
133558,2022-08-07 05:18:42,0.812082,80.5,0.15,6.79,0.6111291818568282
133580,2022-08-07 05:19:03,0.841938,80.800003,0.1,6.85,0.09999999999999998
133581,2022-08-07 05:19:04,0.841841,80.800003,0.1,6.85,0.09999999999999998
133582,2022-08-07 05:19:05,0.841772,80.800003,0.1,6.85,0.09999999999999998
133583,2022-08-07 05:19:06,0.841702,80.800003,0.1,6.85,0.09999999999999998
133584,2022-08-07 05:19:07,0.841648,80.800003,0.1,6.85,0.09999999999999998
133585,2022-08-07 05:19:08,0.841432,80.900002,0.1,6.85,0.09999999999999998
133586,2022-08-07 05:19:09,0.841336,80.900002,0.1,6.85,0.09999999999999998
133587,2022-08-07 05:19:10,0.841275,81.0,0.1,7.06,0.09999999999999998
133588,2022-08-07 05:19:11,0.841195,80.900002,0.1,7.06,0.09999999999999998
133589,2022-08-07 05:19:12,0.79638,81.0,0.1,7.06,0.09999999999999998
133590,2022-08-07 05:19:13,0.840933,81.0,0.1,7.06,0.09999999999999998
133591,2022-08-07 05:19:14,0.840761,81.0,0.1,7.06,0.09999999999999998
133592,2022-08-07 05:19:15,0.840516,81.0,0.1,7.06,0.09999999999999998
133593,2022-08-07 05:19:16,0.840534,81.099998,0.1,7.06,0.09999999999999998
133594,2022-08-07 05:19:17,0.840447,81.0,0.1,7.06,0.09999999999999998
133595,2022-08-07 05:19:18,0.840404,81.0,0.1,7.06,0.09999999999999998
133596,2022-08-07 05:19:19,0.840253,81.099998,0.1,7.06,0.09999999999999998
133597,2022-08-07 05:19:20,0.840177,81.099998,0.1,7.12,0.09999999999999998
133598,2022-08-07 05:19:21,0.840096,81.099998,0.1,7.12,0.09999999999999998
133599,2022-08-07 05:19:22,0.795911,81.099998,0.1,7.12,0.09999999999999998
133600,2022-08-07 05:19:23,0.839924,81.099998,0.1,7.12,0.09999999999999998
133601,2022-08-07 05:19:24,0.840028,81.199997,0.1,7.12,0.09999999999999998
133602,2022-08-07 05:19:25,0.83994,81.099998,0.1,7.12,0.09999999999999998
133603,2022-08-07 05:19:26,0.839749,81.099998,0.1,7.12,0.09999999999999998
133604,2022-08-07 05:19:27,0.839671,81.199997,0.1,7.12,0.09999999999999998
133605,2022-08-07 05:19:28,0.839585,81.199997,0.1,7.12,0.09999999999999998
133606,2022-08-07 05:19:29,0.839497,81.300003,0.1,7.12,0.09999999999999998
133607,2022-08-07 05:19:30,0.839434,81.199997,0.1,7.12,0.09999999999999998
133608,2022-08-07 05:19:31,0.83939,81.300003,0.1,7.16,0.09999999999999998
133609,2022-08-07 05:19:32,0.795848,81.300003,0.1,7.16,0.09999999999999998
133610,2022-08-07 05:19:33,0.839225,81.300003,0.1,7.16,0.09999999999999998
133611,2022-08-07 05:19:34,0.839208,81.300003,0.1,7.16,0.09999999999999998
133612,2022-08-07 05:19:35,0.839139,81.362,0.1,7.16,0.09999999999999998
133613,2022-08-07 05:19:36,0.839122,81.300003,0.1,7.16,0.09999999999999998
133614,2022-08-07 05:19:37,0.839025,81.300003,0.1,7.16,0.09999999999999998
133615,2022-08-07 05:19:38,0.839025,81.5,0.1,7.16,0.09999999999999998
133616,2022-08-07 05:19:39,0.838885,81.5,0.1,7.16,0.09999999999999998
133617,2022-08-07 05:19:40,0.838929,81.400002,0.1,7.19,0.09999999999999998
133618,2022-08-07 05:19:41,0.838868,81.5,0.1,7.19,0.09999999999999998
133619,2022-08-07 05:19:42,0.79827,81.5,0.1,7.19,0.09999999999999998
133620,2022-08-07 05:19:44,0.838746,81.5,0.1,7.19,0.09999999999999998
133621,2022-08-07 05:19:45,0.838789,81.5,0.1,7.19,0.09999999999999998
133622,2022-08-07 05:19:46,0.838703,81.585564,0.1,7.19,0.09999999999999998
133623,2022-08-07 05:19:47,0.838745,81.600006,0.1,7.19,0.09999999999999998
133624,2022-08-07 05:19:48,0.838502,81.600006,0.1,7.19,0.09999999999999998
133625,2022-08-07 05:19:49,0.838589,81.600006,0.1,7.19,0.09999999999999998
133626,2022-08-07 05:19:50,0.838588,81.600006,0.1,7.19,0.09999999999999998
133627,2022-08-07 05:19:51,0.838476,81.600006,0.1,7.22,0.09999999999999998
133628,2022-08-07 05:19:52,0.838476,81.600006,0.1,7.22,0.09999999999999998
133629,2022-08-07 05:19:53,0.804773,81.614449,0.1,7.22,0.09999999999999998
133630,2022-08-07 05:19:54,0.838406,81.614449,0.1,7.22,0.09999999999999998
133631,2022-08-07 05:19:55,0.838423,81.600006,0.1,7.22,0.09999999999999998
133632,2022-08-07 05:19:56,0.838336,81.761993,0.1,7.22,0.09999999999999998
133633,2022-08-07 05:19:57,0.838099,81.699997,0.1,7.22,0.09999999999999998
133634,2022-08-07 05:19:58,0.838142,81.800003,0.1,7.22,0.09999999999999998
133635,2022-08-07 05:19:59,0.838197,81.800003,0.1,7.22,0.09999999999999998
133636,2022-08-07 05:20:00,0.838152,81.800003,0.1,7.24,0.09999999999999998
133637,2022-08-07 05:20:01,0.838067,81.800003,0.1,7.24,0.09999999999999998
133638,2022-08-07 05:20:02,0.820718,81.800003,0.1,7.24,0.09999999999999998
133639,2022-08-07 05:20:03,0.820718,81.800003,0.1,7.24,0.6111291818568282
133665,2022-08-07 05:20:25,0.877634,82.199997,0.05,7.32,0.04999999999999999
133666,2022-08-07 05:20:25,0.877634,82.199997,0.05,7.32,0.04999999999999999
133667,2022-08-07 05:20:26,0.877321,82.199997,0.05,7.32,0.04999999999999999
133668,2022-08-07 05:20:27,0.877068,82.199997,0.05,7.32,0.04999999999999999
133669,2022-08-07 05:20:29,0.877034,82.300003,0.05,7.32,0.04999999999999999
133670,2022-08-07 05:20:30,0.877033,82.300003,0.05,7.32,0.04999999999999999
133671,2022-08-07 05:20:31,0.876729,82.300003,0.05,7.63,0.04999999999999999
133672,2022-08-07 05:20:32,0.876588,82.300003,0.05,7.63,0.04999999999999999
133673,2022-08-07 05:20:33,0.87505,82.361992,0.05,7.63,0.04999999999999999
133674,2022-08-07 05:20:34,0.876353,82.385559,0.05,7.63,0.04999999999999999
133675,2022-08-07 05:20:35,0.876353,82.400002,0.05,7.63,0.04999999999999999
133676,2022-08-07 05:20:36,0.876196,82.385559,0.05,7.63,0.04999999999999999
133677,2022-08-07 05:20:37,0.876143,82.400002,0.05,7.63,0.04999999999999999
133678,2022-08-07 05:20:38,0.876013,82.400002,0.05,7.63,0.04999999999999999
133679,2022-08-07 05:20:39,0.875821,82.5,0.05,7.63,0.04999999999999999
133680,2022-08-07 05:20:40,0.875647,82.5,0.05,7.63,0.04999999999999999
133681,2022-08-07 05:20:41,0.875507,82.5,0.05,7.72,0.04999999999999999
133682,2022-08-07 05:20:42,0.875507,82.5,0.05,7.72,0.04999999999999999
133683,2022-08-07 05:20:43,0.875157,82.5,0.05,7.72,0.04999999999999999
133684,2022-08-07 05:20:44,0.875255,82.5,0.05,7.72,0.04999999999999999
133685,2022-08-07 05:20:45,0.875193,82.599998,0.05,7.72,0.04999999999999999
133686,2022-08-07 05:20:46,0.875028,82.599998,0.05,7.72,0.04999999999999999
133687,2022-08-07 05:20:47,0.875027,82.5,0.05,7.72,0.04999999999999999
133688,2022-08-07 05:20:48,0.874957,82.599998,0.05,7.72,0.04999999999999999
133689,2022-08-07 05:20:49,0.874827,82.599998,0.05,7.72,0.04999999999999999
133690,2022-08-07 05:20:50,0.874845,82.599998,0.05,7.72,0.04999999999999999
133691,2022-08-07 05:20:51,0.874731,82.599998,0.05,7.77,0.04999999999999999
133692,2022-08-07 05:20:52,0.874731,82.599998,0.05,7.77,0.04999999999999999
133693,2022-08-07 05:20:53,0.874268,82.599998,0.05,7.77,0.04999999999999999
133694,2022-08-07 05:20:54,0.874574,82.599998,0.05,7.77,0.04999999999999999
133695,2022-08-07 05:20:55,0.874268,82.700005,0.05,7.77,0.04999999999999999
133696,2022-08-07 05:20:56,0.874548,82.700005,0.05,7.77,0.04999999999999999
133697,2022-08-07 05:20:57,0.874495,82.800003,0.05,7.77,0.04999999999999999
133698,2022-08-07 05:20:58,0.874095,82.800003,0.05,7.77,0.04999999999999999
133699,2022-08-07 05:20:59,0.874112,82.800003,0.05,7.77,0.04999999999999999
133700,2022-08-07 05:21:00,0.874068,82.800003,0.05,7.81,0.04999999999999999
133701,2022-08-07 05:21:01,0.873971,82.800003,0.05,7.81,0.04999999999999999
133702,2022-08-07 05:21:02,0.873885,82.800003,0.05,7.81,0.04999999999999999
133703,2022-08-07 05:21:03,0.873886,82.800003,0.05,7.81,0.04999999999999999
133704,2022-08-07 05:21:04,0.873902,82.800003,0.05,7.81,0.04999999999999999
133705,2022-08-07 05:21:05,0.873789,82.814445,0.05,7.81,0.04999999999999999
133706,2022-08-07 05:21:06,0.873703,82.900002,0.05,7.81,0.04999999999999999
133707,2022-08-07 05:21:07,0.873746,82.900002,0.05,7.81,0.04999999999999999
133708,2022-08-07 05:21:08,0.873633,82.900002,0.05,7.81,0.04999999999999999
133709,2022-08-07 05:21:09,0.873702,82.900002,0.05,7.81,0.04999999999999999
133710,2022-08-07 05:21:10,0.873545,83.000008,0.05,7.85,0.04999999999999999
133711,2022-08-07 05:21:11,0.872911,83.000008,0.05,7.85,0.04999999999999999
133712,2022-08-07 05:21:13,0.873493,83.000008,0.05,7.85,0.04999999999999999
133713,2022-08-07 05:21:14,0.873397,83.099998,0.05,7.85,0.04999999999999999
133714,2022-08-07 05:21:15,0.873353,83.000008,0.05,7.85,0.04999999999999999
133715,2022-08-07 05:21:16,0.873319,83.03801,0.05,7.85,0.04999999999999999
133716,2022-08-07 05:21:17,0.873309,83.099998,0.05,7.85,0.04999999999999999
133717,2022-08-07 05:21:18,0.87324,83.099998,0.05,7.85,0.04999999999999999
133718,2022-08-07 05:21:19,0.873292,83.099998,0.05,7.85,0.04999999999999999
133719,2022-08-07 05:21:20,0.873223,83.099998,0.05,7.85,0.04999999999999999
133720,2022-08-07 05:21:21,0.873197,83.099998,0.05,7.88,0.04999999999999999
133721,2022-08-07 05:21:22,0.872934,83.114441,0.05,7.88,0.04999999999999999
133722,2022-08-07 05:21:23,0.872977,83.099998,0.05,7.88,0.04999999999999999
133723,2022-08-07 05:21:24,0.87303,83.099998,0.05,7.88,0.04999999999999999
133724,2022-08-07 05:21:25,0.87303,83.199997,0.05,7.88,0.6111291818568282
133748,2022-08-07 05:21:46,0.91103,83.5,0.02,7.96,0.020000000000000004
133749,2022-08-07 05:21:47,0.910987,83.5,0.02,7.96,0.020000000000000004
133750,2022-08-07 05:21:48,0.91083,83.5,0.02,7.96,0.020000000000000004
133751,2022-08-07 05:21:49,0.910411,83.5,0.02,7.96,0.020000000000000004
133752,2022-08-07 05:21:50,0.910281,83.599998,0.02,8.22,0.020000000000000004
133753,2022-08-07 05:21:51,0.910097,83.599998,0.02,8.22,0.020000000000000004
133754,2022-08-07 05:21:52,0.904461,83.599998,0.02,8.22,0.020000000000000004
133755,2022-08-07 05:21:53,0.909792,83.599998,0.02,8.22,0.020000000000000004
133756,2022-08-07 05:21:54,0.909705,83.599998,0.02,8.22,0.020000000000000004
133757,2022-08-07 05:21:55,0.909575,83.599998,0.02,8.22,0.020000000000000004
133758,2022-08-07 05:21:56,0.909435,83.699997,0.02,8.22,0.020000000000000004
133759,2022-08-07 05:21:58,0.909339,83.599998,0.02,8.22,0.020000000000000004
133760,2022-08-07 05:21:59,0.909199,83.599998,0.02,8.22,0.020000000000000004
133761,2022-08-07 05:22:00,0.908982,83.699997,0.02,8.32,0.020000000000000004
133762,2022-08-07 05:22:01,0.908816,83.699997,0.02,8.32,0.020000000000000004
133763,2022-08-07 05:22:02,0.903536,83.699997,0.02,8.32,0.020000000000000004
133764,2022-08-07 05:22:03,0.908659,83.761993,0.02,8.32,0.020000000000000004
133765,2022-08-07 05:22:04,0.908537,83.800003,0.02,8.32,0.020000000000000004
133766,2022-08-07 05:22:05,0.908423,83.800003,0.02,8.32,0.020000000000000004
133767,2022-08-07 05:22:06,0.90845,83.800003,0.02,8.32,0.020000000000000004
133768,2022-08-07 05:22:07,0.90838,83.800003,0.02,8.32,0.020000000000000004
133769,2022-08-07 05:22:08,0.908423,83.800003,0.02,8.32,0.020000000000000004
133770,2022-08-07 05:22:09,0.908283,83.800003,0.02,8.32,0.020000000000000004
133771,2022-08-07 05:22:10,0.908057,83.800003,0.02,8.37,0.020000000000000004
133772,2022-08-07 05:22:11,0.908039,83.800003,0.02,8.37,0.020000000000000004
133773,2022-08-07 05:22:12,0.900898,83.800003,0.02,8.37,0.020000000000000004
133774,2022-08-07 05:22:13,0.907839,83.800003,0.02,8.37,0.020000000000000004
133775,2022-08-07 05:22:14,0.907674,83.900002,0.02,8.37,0.020000000000000004
133776,2022-08-07 05:22:15,0.907577,84.0,0.02,8.37,0.020000000000000004
133777,2022-08-07 05:22:16,0.907551,84.0,0.02,8.37,0.020000000000000004
133778,2022-08-07 05:22:17,0.907577,83.900002,0.02,8.37,0.020000000000000004
133779,2022-08-07 05:22:18,0.907438,83.900002,0.02,8.37,0.020000000000000004
133780,2022-08-07 05:22:19,0.907464,84.0,0.02,8.37,0.020000000000000004
133781,2022-08-07 05:22:20,0.90735,84.0,0.02,8.41,0.020000000000000004
133782,2022-08-07 05:22:21,0.907308,84.0,0.02,8.41,0.020000000000000004
133783,2022-08-07 05:22:22,0.899799,84.0,0.02,8.41,0.020000000000000004
133784,2022-08-07 05:22:23,0.907211,84.0,0.02,8.41,0.020000000000000004
133785,2022-08-07 05:22:24,0.907141,84.0,0.02,8.41,0.020000000000000004
133786,2022-08-07 05:22:25,0.907072,84.0,0.02,8.41,0.020000000000000004
133787,2022-08-07 05:22:26,0.906985,84.0,0.02,8.41,0.020000000000000004
133788,2022-08-07 05:22:27,0.907028,84.0,0.02,8.41,0.020000000000000004
133789,2022-08-07 05:22:28,0.906942,84.0,0.02,8.41,0.020000000000000004
133790,2022-08-07 05:22:29,0.906889,84.014442,0.02,8.41,0.020000000000000004
133791,2022-08-07 05:22:30,0.906932,84.0,0.02,8.44,0.020000000000000004
133792,2022-08-07 05:22:31,0.906775,84.0,0.02,8.44,0.020000000000000004
133793,2022-08-07 05:22:32,0.899085,84.085564,0.02,8.44,0.020000000000000004
133794,2022-08-07 05:22:33,0.906749,84.0,0.02,8.44,0.020000000000000004
133795,2022-08-07 05:22:34,0.906662,84.100006,0.02,8.44,0.020000000000000004
133796,2022-08-07 05:22:35,0.90653,84.100006,0.02,8.44,0.020000000000000004
133797,2022-08-07 05:22:36,0.906547,84.100006,0.02,8.44,0.020000000000000004
133798,2022-08-07 05:22:37,0.906226,84.100006,0.02,8.44,0.020000000000000004
133799,2022-08-07 05:22:38,0.906408,84.100006,0.02,8.44,0.020000000000000004
133800,2022-08-07 05:22:39,0.906312,84.100006,0.02,8.44,0.020000000000000004
133801,2022-08-07 05:22:40,0.906279,84.100006,0.02,8.47,0.020000000000000004
133802,2022-08-07 05:22:42,0.906279,84.100006,0.02,8.47,0.020000000000000004
133803,2022-08-07 05:22:43,0.900671,84.199997,0.02,8.47,0.020000000000000004
133804,2022-08-07 05:22:44,0.906069,84.199997,0.02,8.47,0.020000000000000004
133805,2022-08-07 05:22:45,0.906026,84.100006,0.02,8.47,0.6111291818568282
