,timer,AI.U.E.Co.Tb.1 [V],AI.T.Air.ST.UUT.out [°C],current density [A/cm2],HFR [mOhm],mean current density [A/cm2]
8000,2022-07-30 12:18:09,0.336383,85.099998,1.8,-99.0,1.8
8001,2022-07-30 12:18:09,0.336383,85.099998,1.8,-99.0,1.8
8002,2022-07-30 12:18:10,0.336941,85.099998,1.8,-99.0,1.8
8003,2022-07-30 12:18:11,0.338624,85.099998,1.8,-99.0,1.8
8004,2022-07-30 12:18:12,0.33838,85.099998,1.8,-99.0,1.8
8005,2022-07-30 12:18:14,0.337819,85.061996,1.8,-99.0,1.8
8006,2022-07-30 12:18:15,0.337819,85.061996,1.8,-99.0,1.8
8007,2022-07-30 12:18:16,0.339562,85.000008,1.8,-99.0,1.8
8008,2022-07-30 12:18:17,0.337953,85.000008,1.8,-99.0,1.8
8009,2022-07-30 12:18:18,0.343549,85.000008,1.8,6.94,1.8
8010,2022-07-30 12:18:19,0.341715,85.000008,1.8,6.94,1.8
8011,2022-07-30 12:18:20,0.343472,85.000008,1.8,6.94,1.8
8012,2022-07-30 12:18:21,0.343546,84.900009,1.8,6.94,1.8
8013,2022-07-30 12:18:22,0.34551,85.000008,1.8,6.94,1.8
8014,2022-07-30 12:18:23,0.342399,84.900009,1.8,6.94,1.8
8015,2022-07-30 12:18:24,0.347397,84.900009,1.8,6.94,1.8
8016,2022-07-30 12:18:25,0.344902,84.800003,1.8,6.94,1.8
8017,2022-07-30 12:18:26,0.344594,84.800003,1.8,6.94,1.8
8018,2022-07-30 12:18:27,0.24736,84.800003,1.8,6.94,1.8
8019,2022-07-30 12:18:28,0.346005,84.800003,1.8,6.94,1.8
8020,2022-07-30 12:18:29,0.346838,84.700012,1.8,6.94,1.8
8021,2022-07-30 12:18:30,0.348356,84.800003,1.8,6.94,1.8
8022,2022-07-30 12:18:31,0.347973,84.700012,1.8,6.94,1.8
8023,2022-07-30 12:18:32,0.352565,84.700012,1.8,6.94,1.8
8024,2022-07-30 12:18:33,0.348804,84.599998,1.8,6.94,1.8
8025,2022-07-30 12:18:34,0.351957,84.599998,1.8,6.94,1.8
8026,2022-07-30 12:18:35,0.353841,84.599998,1.8,6.94,1.8
8027,2022-07-30 12:18:36,0.351058,84.599998,1.8,6.79,1.8
8028,2022-07-30 12:18:37,0.350745,84.599998,1.8,6.79,1.8
8029,2022-07-30 12:18:38,0.353151,84.599998,1.8,6.79,1.8
8030,2022-07-30 12:18:39,0.355077,84.5,1.8,6.79,1.8
8031,2022-07-30 12:18:40,0.355857,84.5,1.8,6.79,1.8
8032,2022-07-30 12:18:41,0.35599,84.5,1.8,6.79,1.8
8033,2022-07-30 12:18:42,0.354051,84.438011,1.8,6.79,1.8
8034,2022-07-30 12:18:43,0.356457,84.400009,1.8,6.79,1.8
8035,2022-07-30 12:18:44,0.358074,84.314445,1.8,6.79,1.8
8036,2022-07-30 12:18:45,0.359286,84.314445,1.8,6.79,1.8
8037,2022-07-30 12:18:46,0.356611,84.400009,1.8,6.79,1.8
8038,2022-07-30 12:18:47,0.243364,84.300003,1.8,6.79,1.8
8039,2022-07-30 12:18:48,0.359017,84.300003,1.8,6.79,1.8
8040,2022-07-30 12:18:49,0.358949,84.300003,1.8,6.79,1.8
8041,2022-07-30 12:18:50,0.362147,84.199997,1.8,6.79,1.8
8042,2022-07-30 12:18:51,0.360419,84.100006,1.8,6.79,1.8
8043,2022-07-30 12:18:52,0.361913,84.199997,1.8,6.79,1.8
8044,2022-07-30 12:18:53,0.360877,84.100006,1.8,6.79,1.8
8045,2022-07-30 12:18:54,0.360591,84.100006,1.8,6.79,1.8
8046,2022-07-30 12:18:55,0.362882,84.100006,1.8,6.79,1.8
8047,2022-07-30 12:18:56,0.362318,84.0,1.8,6.79,1.8
8048,2022-07-30 12:18:57,0.36372,84.0,1.8,6.79,1.8
8049,2022-07-30 12:18:59,0.364448,84.0,1.8,6.79,1.8
8050,2022-07-30 12:19:00,0.364076,84.0,1.8,6.64,1.8
8051,2022-07-30 12:19:01,0.362865,84.0,1.8,6.64,1.8
8052,2022-07-30 12:19:02,0.366183,83.900002,1.8,6.64,1.8
8053,2022-07-30 12:19:03,0.365413,83.800003,1.8,6.64,1.8
8054,2022-07-30 12:19:04,0.366675,83.800003,1.8,6.64,1.8
8055,2022-07-30 12:19:05,0.365641,83.800003,1.8,6.64,1.8
8056,2022-07-30 12:19:06,0.367114,83.800003,1.8,6.64,1.8
8057,2022-07-30 12:19:07,0.368127,83.699997,1.8,6.64,1.8
8058,2022-07-30 12:19:08,0.252153,83.699997,1.8,6.64,1.8
8059,2022-07-30 12:19:09,0.368631,83.699997,1.8,6.64,0.6111291818568282
8083,2022-07-30 12:19:30,0.442991,83.000008,1.6,6.48,1.5999999999999996
8084,2022-07-30 12:19:31,0.442285,82.900002,1.6,6.48,1.5999999999999996
8085,2022-07-30 12:19:32,0.443802,82.800003,1.6,6.48,1.5999999999999996
8086,2022-07-30 12:19:33,0.4443,82.800003,1.6,6.48,1.5999999999999996
8087,2022-07-30 12:19:34,0.445398,82.800003,1.6,6.48,1.5999999999999996
8088,2022-07-30 12:19:35,0.445,82.700005,1.6,6.48,1.5999999999999996
8089,2022-07-30 12:19:36,0.445556,82.714447,1.6,6.29,1.5999999999999996
8090,2022-07-30 12:19:37,0.420918,82.599998,1.6,6.29,1.5999999999999996
8091,2022-07-30 12:19:38,0.446577,82.599998,1.6,6.29,1.5999999999999996
8092,2022-07-30 12:19:39,0.448302,82.5,1.6,6.29,1.5999999999999996
8093,2022-07-30 12:19:40,0.447866,82.561989,1.6,6.29,1.5999999999999996
8094,2022-07-30 12:19:41,0.448819,82.5,1.6,6.29,1.5999999999999996
8095,2022-07-30 12:19:43,0.449429,82.5,1.6,6.29,1.5999999999999996
8096,2022-07-30 12:19:44,0.449792,82.400002,1.6,6.29,1.5999999999999996
8097,2022-07-30 12:19:45,0.449626,82.361992,1.6,6.29,1.5999999999999996
8098,2022-07-30 12:19:46,0.451287,82.300003,1.6,6.13,1.5999999999999996
8099,2022-07-30 12:19:47,0.450975,82.300003,1.6,6.13,1.5999999999999996
8100,2022-07-30 12:19:48,0.438843,82.214439,1.6,6.13,1.5999999999999996
8101,2022-07-30 12:19:49,0.450953,82.099998,1.6,6.13,1.5999999999999996
8102,2022-07-30 12:19:50,0.452084,82.114441,1.6,6.13,1.5999999999999996
8103,2022-07-30 12:19:51,0.453125,82.099998,1.6,6.13,1.5999999999999996
8104,2022-07-30 12:19:52,0.452153,82.099998,1.6,6.13,1.5999999999999996
8105,2022-07-30 12:19:53,0.452741,82.099998,1.6,6.13,1.5999999999999996
8106,2022-07-30 12:19:54,0.452599,82.0,1.6,6.13,1.5999999999999996
8107,2022-07-30 12:19:55,0.45418,82.0,1.6,6.13,1.5999999999999996
8108,2022-07-30 12:19:56,0.45507,81.900009,1.6,6.05,1.5999999999999996
8109,2022-07-30 12:19:57,0.453866,81.800003,1.6,6.05,1.5999999999999996
8110,2022-07-30 12:19:58,0.45256,81.814445,1.6,6.05,1.5999999999999996
8111,2022-07-30 12:19:59,0.454079,81.800003,1.6,6.05,1.5999999999999996
8112,2022-07-30 12:20:00,0.456752,81.800003,1.6,6.05,1.5999999999999996
8113,2022-07-30 12:20:01,0.45571,81.699997,1.6,6.05,1.5999999999999996
8114,2022-07-30 12:20:02,0.457224,81.638016,1.6,6.05,1.5999999999999996
8115,2022-07-30 12:20:03,0.458657,81.600006,1.6,6.05,1.5999999999999996
8116,2022-07-30 12:20:04,0.458498,81.600006,1.6,6.05,1.5999999999999996
8117,2022-07-30 12:20:05,0.458158,81.53801,1.6,6.05,1.5999999999999996
8118,2022-07-30 12:20:06,0.457619,81.600006,1.6,5.99,1.5999999999999996
8119,2022-07-30 12:20:07,0.460045,81.5,1.6,5.99,1.5999999999999996
8120,2022-07-30 12:20:08,0.449789,81.5,1.6,5.99,1.5999999999999996
8121,2022-07-30 12:20:09,0.460512,81.461998,1.6,5.99,1.5999999999999996
8122,2022-07-30 12:20:10,0.45914,81.385559,1.6,5.99,1.5999999999999996
8123,2022-07-30 12:20:11,0.457426,81.300003,1.6,5.99,1.5999999999999996
8124,2022-07-30 12:20:12,0.456278,81.300003,1.6,5.99,1.5999999999999996
8125,2022-07-30 12:20:13,0.458767,81.300003,1.6,5.99,1.5999999999999996
8126,2022-07-30 12:20:14,0.460638,81.199997,1.6,5.99,1.5999999999999996
8127,2022-07-30 12:20:15,0.461729,81.138008,1.6,5.99,1.5999999999999996
8128,2022-07-30 12:20:16,0.461099,81.099998,1.6,5.94,1.5999999999999996
8129,2022-07-30 12:20:17,0.459494,81.099998,1.6,5.94,1.5999999999999996
8130,2022-07-30 12:20:18,0.461343,81.0,1.6,5.94,1.5999999999999996
8131,2022-07-30 12:20:19,0.461552,81.0,1.6,5.94,1.5999999999999996
8132,2022-07-30 12:20:20,0.462303,81.0,1.6,5.94,1.5999999999999996
8133,2022-07-30 12:20:21,0.460006,80.900002,1.6,5.94,1.5999999999999996
8134,2022-07-30 12:20:22,0.461283,80.938011,1.6,5.94,1.5999999999999996
8135,2022-07-30 12:20:23,0.462395,80.900002,1.6,5.94,1.5999999999999996
8136,2022-07-30 12:20:24,0.462194,80.800003,1.6,5.94,1.5999999999999996
8137,2022-07-30 12:20:25,0.461588,80.800003,1.6,5.94,1.5999999999999996
8138,2022-07-30 12:20:26,0.46251,80.800003,1.6,5.94,1.5999999999999996
8139,2022-07-30 12:20:28,0.461107,80.800003,1.6,5.94,1.5999999999999996
8140,2022-07-30 12:20:29,0.462044,80.699997,1.6,5.94,1.5999999999999996
8141,2022-07-30 12:20:30,0.462238,80.661987,1.6,5.94,0.6111291818568282
8163,2022-07-30 12:20:50,0.516503,80.099998,1.4,5.84,1.4000000000000006
8164,2022-07-30 12:20:50,0.516503,80.099998,1.4,5.84,1.4000000000000006
8165,2022-07-30 12:20:51,0.517305,80.0,1.4,5.84,1.4000000000000006
8166,2022-07-30 12:20:52,0.516516,80.0,1.4,5.84,1.4000000000000006
8167,2022-07-30 12:20:53,0.516492,79.900009,1.4,5.84,1.4000000000000006
8168,2022-07-30 12:20:54,0.517299,80.0,1.4,5.84,1.4000000000000006
8169,2022-07-30 12:20:55,0.517625,79.800003,1.4,5.84,1.4000000000000006
8170,2022-07-30 12:20:56,0.516477,79.800003,1.4,5.78,1.4000000000000006
8171,2022-07-30 12:20:57,0.512291,79.800003,1.4,5.78,1.4000000000000006
8172,2022-07-30 12:20:58,0.518714,79.800003,1.4,5.78,1.4000000000000006
8173,2022-07-30 12:20:59,0.519285,79.800003,1.4,5.78,1.4000000000000006
8174,2022-07-30 12:21:00,0.517115,79.699997,1.4,5.78,1.4000000000000006
8175,2022-07-30 12:21:01,0.519707,79.600006,1.4,5.78,1.4000000000000006
8176,2022-07-30 12:21:02,0.519121,79.600006,1.4,5.78,1.4000000000000006
8177,2022-07-30 12:21:03,0.51993,79.600006,1.4,5.78,1.4000000000000006
8178,2022-07-30 12:21:04,0.521205,79.51445,1.4,5.78,1.4000000000000006
8179,2022-07-30 12:21:05,0.518272,79.5,1.4,5.7,1.4000000000000006
8180,2022-07-30 12:21:06,0.519247,79.5,1.4,5.7,1.4000000000000006
8181,2022-07-30 12:21:07,0.484311,79.5,1.4,5.7,1.4000000000000006
8182,2022-07-30 12:21:08,0.519332,79.400002,1.4,5.7,1.4000000000000006
8183,2022-07-30 12:21:09,0.518949,79.300003,1.4,5.7,1.4000000000000006
8184,2022-07-30 12:21:10,0.520518,79.300003,1.4,5.7,1.4000000000000006
8185,2022-07-30 12:21:12,0.520405,79.300003,1.4,5.7,1.4000000000000006
8186,2022-07-30 12:21:13,0.520405,79.300003,1.4,5.7,1.4000000000000006
8187,2022-07-30 12:21:14,0.519354,79.199997,1.4,5.7,1.4000000000000006
8188,2022-07-30 12:21:15,0.52216,79.199997,1.4,5.7,1.4000000000000006
8189,2022-07-30 12:21:16,0.52149,79.099998,1.4,5.64,1.4000000000000006
8190,2022-07-30 12:21:17,0.472263,79.099998,1.4,5.64,1.4000000000000006
8191,2022-07-30 12:21:18,0.522085,79.099998,1.4,5.64,1.4000000000000006
8192,2022-07-30 12:21:19,0.522946,79.03801,1.4,5.64,1.4000000000000006
8193,2022-07-30 12:21:20,0.521331,79.0,1.4,5.64,1.4000000000000006
8194,2022-07-30 12:21:21,0.522737,79.0,1.4,5.64,1.4000000000000006
8195,2022-07-30 12:21:22,0.523025,79.0,1.4,5.64,1.4000000000000006
8196,2022-07-30 12:21:23,0.522576,78.900002,1.4,5.64,1.4000000000000006
8197,2022-07-30 12:21:24,0.524131,78.900002,1.4,5.64,1.4000000000000006
8198,2022-07-30 12:21:25,0.523502,78.800011,1.4,5.64,1.4000000000000006
8199,2022-07-30 12:21:26,0.522695,78.800011,1.4,5.6,1.4000000000000006
8200,2022-07-30 12:21:27,0.522455,78.800011,1.4,5.6,1.4000000000000006
8201,2022-07-30 12:21:28,0.523773,78.800011,1.4,5.6,1.4000000000000006
8202,2022-07-30 12:21:29,0.519693,78.699997,1.4,5.6,1.4000000000000006
8203,2022-07-30 12:21:30,0.521944,78.699997,1.4,5.6,1.4000000000000006
8204,2022-07-30 12:21:31,0.523929,78.699997,1.4,5.6,1.4000000000000006
8205,2022-07-30 12:21:32,0.524013,78.599998,1.4,5.6,1.4000000000000006
8206,2022-07-30 12:21:33,0.522053,78.599998,1.4,5.6,1.4000000000000006
8207,2022-07-30 12:21:34,0.525362,78.599998,1.4,5.6,1.4000000000000006
8208,2022-07-30 12:21:35,0.524599,78.599998,1.4,5.6,1.4000000000000006
8209,2022-07-30 12:21:36,0.523005,78.500008,1.4,5.6,1.4000000000000006
8210,2022-07-30 12:21:37,0.433445,78.500008,1.4,5.6,1.4000000000000006
8211,2022-07-30 12:21:38,0.524537,78.500008,1.4,5.6,1.4000000000000006
8212,2022-07-30 12:21:39,0.521817,78.500008,1.4,5.6,1.4000000000000006
8213,2022-07-30 12:21:40,0.521986,78.461998,1.4,5.6,1.4000000000000006
8214,2022-07-30 12:21:41,0.52472,78.400002,1.4,5.6,1.4000000000000006
8215,2022-07-30 12:21:42,0.524975,78.338013,1.4,5.6,1.4000000000000006
8216,2022-07-30 12:21:43,0.524719,78.300003,1.4,5.6,1.4000000000000006
8217,2022-07-30 12:21:44,0.523387,78.300003,1.4,5.6,1.4000000000000006
8218,2022-07-30 12:21:45,0.525784,78.300003,1.4,5.6,1.4000000000000006
8219,2022-07-30 12:21:46,0.525417,78.300003,1.4,5.54,1.4000000000000006
8220,2022-07-30 12:21:47,0.524547,78.300003,1.4,5.54,1.4000000000000006
8221,2022-07-30 12:21:48,0.523953,78.200005,1.4,5.54,1.4000000000000006
8222,2022-07-30 12:21:49,0.525035,78.200005,1.4,5.54,1.4000000000000006
8223,2022-07-30 12:21:50,0.524597,78.114441,1.4,5.54,0.6111291818568282
8245,2022-07-30 12:22:10,0.571938,77.699997,1.2,5.49,1.2000000000000002
8246,2022-07-30 12:22:11,0.571938,77.699997,1.2,5.49,1.2000000000000002
8247,2022-07-30 12:22:12,0.571495,77.599998,1.2,5.49,1.2000000000000002
8248,2022-07-30 12:22:13,0.573008,77.599998,1.2,5.49,1.2000000000000002
8249,2022-07-30 12:22:14,0.57362,77.599998,1.2,5.49,1.2000000000000002
8250,2022-07-30 12:22:15,0.572518,77.599998,1.2,5.49,1.2000000000000002
8251,2022-07-30 12:22:16,0.57353,77.514442,1.2,5.52,1.2000000000000002
8252,2022-07-30 12:22:17,0.527165,77.5,1.2,5.52,1.2000000000000002
8253,2022-07-30 12:22:18,0.572426,77.5,1.2,5.52,1.2000000000000002
8254,2022-07-30 12:22:19,0.573601,77.5,1.2,5.52,1.2000000000000002
8255,2022-07-30 12:22:20,0.572435,77.400009,1.2,5.52,1.2000000000000002
8256,2022-07-30 12:22:21,0.574012,77.400009,1.2,5.52,1.2000000000000002
8257,2022-07-30 12:22:22,0.573596,77.400009,1.2,5.52,1.2000000000000002
8258,2022-07-30 12:22:23,0.574164,77.300003,1.2,5.52,1.2000000000000002
8259,2022-07-30 12:22:24,0.573733,77.300003,1.2,5.52,1.2000000000000002
8260,2022-07-30 12:22:25,0.574,77.300003,1.2,5.47,1.2000000000000002
8261,2022-07-30 12:22:26,0.573118,77.300003,1.2,5.47,1.2000000000000002
8262,2022-07-30 12:22:27,0.521019,77.238007,1.2,5.47,1.2000000000000002
8263,2022-07-30 12:22:28,0.57352,77.261993,1.2,5.47,1.2000000000000002
8264,2022-07-30 12:22:29,0.574001,77.199997,1.2,5.47,1.2000000000000002
8265,2022-07-30 12:22:30,0.571745,77.100006,1.2,5.47,1.2000000000000002
8266,2022-07-30 12:22:31,0.57429,77.100006,1.2,5.47,1.2000000000000002
8267,2022-07-30 12:22:32,0.574192,77.100006,1.2,5.47,1.2000000000000002
8268,2022-07-30 12:22:33,0.57312,77.100006,1.2,5.47,1.2000000000000002
8269,2022-07-30 12:22:34,0.574409,77.014442,1.2,5.47,1.2000000000000002
8270,2022-07-30 12:22:35,0.575314,77.100006,1.2,5.43,1.2000000000000002
8271,2022-07-30 12:22:36,0.574679,77.100006,1.2,5.43,1.2000000000000002
8272,2022-07-30 12:22:37,0.554246,77.0,1.2,5.43,1.2000000000000002
8273,2022-07-30 12:22:38,0.574768,77.0,1.2,5.43,1.2000000000000002
8274,2022-07-30 12:22:39,0.575038,77.0,1.2,5.43,1.2000000000000002
8275,2022-07-30 12:22:41,0.574144,77.0,1.2,5.43,1.2000000000000002
8276,2022-07-30 12:22:42,0.573915,77.0,1.2,5.43,1.2000000000000002
8277,2022-07-30 12:22:43,0.573391,77.0,1.2,5.43,1.2000000000000002
8278,2022-07-30 12:22:44,0.575397,76.900002,1.2,5.43,1.2000000000000002
8279,2022-07-30 12:22:45,0.574604,76.900002,1.2,5.43,1.2000000000000002
8280,2022-07-30 12:22:46,0.573843,76.900002,1.2,5.39,1.2000000000000002
8281,2022-07-30 12:22:47,0.576735,76.800018,1.2,5.39,1.2000000000000002
8282,2022-07-30 12:22:48,0.571154,76.800018,1.2,5.39,1.2000000000000002
8283,2022-07-30 12:22:49,0.57466,76.800018,1.2,5.39,1.2000000000000002
8284,2022-07-30 12:22:50,0.575449,76.800018,1.2,5.39,1.2000000000000002
8285,2022-07-30 12:22:51,0.574802,76.800018,1.2,5.39,1.2000000000000002
8286,2022-07-30 12:22:52,0.574447,76.800018,1.2,5.39,1.2000000000000002
8287,2022-07-30 12:22:53,0.574026,76.762001,1.2,5.39,1.2000000000000002
8288,2022-07-30 12:22:54,0.575693,76.800018,1.2,5.39,1.2000000000000002
8289,2022-07-30 12:22:55,0.575671,76.699997,1.2,5.39,1.2000000000000002
8290,2022-07-30 12:22:56,0.575496,76.699997,1.2,5.39,1.2000000000000002
8291,2022-07-30 12:22:57,0.574855,76.699997,1.2,5.39,1.2000000000000002
8292,2022-07-30 12:22:58,0.572956,76.599998,1.2,5.39,1.2000000000000002
8293,2022-07-30 12:22:59,0.575397,76.614441,1.2,5.39,1.2000000000000002
8294,2022-07-30 12:23:00,0.576655,76.685555,1.2,5.39,1.2000000000000002
8295,2022-07-30 12:23:01,0.574455,76.599998,1.2,5.39,1.2000000000000002
8296,2022-07-30 12:23:02,0.576089,76.599998,1.2,5.39,1.2000000000000002
8297,2022-07-30 12:23:03,0.574497,76.599998,1.2,5.39,1.2000000000000002
8298,2022-07-30 12:23:04,0.57518,76.599998,1.2,5.39,1.2000000000000002
8299,2022-07-30 12:23:05,0.575228,76.599998,1.2,5.39,1.2000000000000002
8300,2022-07-30 12:23:06,0.575689,76.599998,1.2,5.38,1.2000000000000002
8301,2022-07-30 12:23:07,0.575586,76.599998,1.2,5.38,1.2000000000000002
8302,2022-07-30 12:23:08,0.576509,76.500008,1.2,5.38,1.2000000000000002
8303,2022-07-30 12:23:09,0.575888,76.500008,1.2,5.38,1.2000000000000002
8304,2022-07-30 12:23:10,0.575068,76.500008,1.2,5.38,0.6111291818568282
8327,2022-07-30 12:23:31,0.623443,76.300003,1.0,5.39,1.0
8328,2022-07-30 12:23:32,0.623438,76.300003,1.0,5.39,1.0
8329,2022-07-30 12:23:33,0.622935,76.300003,1.0,5.39,1.0
8330,2022-07-30 12:23:34,0.621341,76.300003,1.0,5.39,1.0
8331,2022-07-30 12:23:35,0.622645,76.300003,1.0,5.39,1.0
8332,2022-07-30 12:23:36,0.621651,76.300003,1.0,5.39,1.0
8333,2022-07-30 12:23:37,0.621454,76.200005,1.0,5.42,1.0
8334,2022-07-30 12:23:38,0.621553,76.200005,1.0,5.42,1.0
8335,2022-07-30 12:23:39,0.623097,76.138008,1.0,5.42,1.0
8336,2022-07-30 12:23:40,0.621264,76.099998,1.0,5.42,1.0
8337,2022-07-30 12:23:41,0.621603,76.099998,1.0,5.42,1.0
8338,2022-07-30 12:23:42,0.620307,76.114441,1.0,5.42,1.0
8339,2022-07-30 12:23:43,0.621104,76.099998,1.0,5.42,1.0
8340,2022-07-30 12:23:44,0.62207,76.099998,1.0,5.42,1.0
8341,2022-07-30 12:23:45,0.621456,76.099998,1.0,5.42,1.0
8342,2022-07-30 12:23:46,0.621861,76.099998,1.0,5.42,1.0
8343,2022-07-30 12:23:47,0.614762,76.099998,1.0,5.42,1.0
8344,2022-07-30 12:23:48,0.621314,76.099998,1.0,5.42,1.0
8345,2022-07-30 12:23:49,0.621969,76.014442,1.0,5.42,1.0
8346,2022-07-30 12:23:50,0.621182,76.099998,1.0,5.42,1.0
8347,2022-07-30 12:23:51,0.623253,76.099998,1.0,5.42,1.0
8348,2022-07-30 12:23:52,0.620817,76.0,1.0,5.42,1.0
8349,2022-07-30 12:23:53,0.622028,76.0,1.0,5.42,1.0
8350,2022-07-30 12:23:54,0.621764,76.0,1.0,5.42,1.0
8351,2022-07-30 12:23:55,0.622198,76.0,1.0,5.42,1.0
8352,2022-07-30 12:23:56,0.619328,76.0,1.0,5.42,1.0
8353,2022-07-30 12:23:57,0.621959,76.0,1.0,5.42,1.0
8354,2022-07-30 12:23:58,0.621242,76.0,1.0,5.42,1.0
8355,2022-07-30 12:23:59,0.62078,76.0,1.0,5.42,1.0
8356,2022-07-30 12:24:00,0.622848,76.0,1.0,5.32,1.0
8357,2022-07-30 12:24:01,0.621713,76.0,1.0,5.32,1.0
8358,2022-07-30 12:24:02,0.620694,75.900002,1.0,5.32,1.0
8359,2022-07-30 12:24:03,0.621991,76.0,1.0,5.32,1.0
8360,2022-07-30 12:24:04,0.620903,76.0,1.0,5.32,1.0
8361,2022-07-30 12:24:05,0.622189,76.0,1.0,5.32,1.0
8362,2022-07-30 12:24:06,0.62124,75.900002,1.0,5.32,1.0
8363,2022-07-30 12:24:07,0.59511,75.800003,1.0,5.32,1.0
8364,2022-07-30 12:24:08,0.621645,75.800003,1.0,5.32,1.0
8365,2022-07-30 12:24:10,0.62191,75.814453,1.0,5.32,1.0
8366,2022-07-30 12:24:11,0.622099,75.900002,1.0,5.32,1.0
8367,2022-07-30 12:24:12,0.622246,75.814453,1.0,5.32,1.0
8368,2022-07-30 12:24:13,0.622246,75.814453,1.0,5.32,1.0
8369,2022-07-30 12:24:14,0.621098,75.800003,1.0,5.32,1.0
8370,2022-07-30 12:24:15,0.622647,75.800003,1.0,5.32,1.0
8371,2022-07-30 12:24:16,0.622485,75.800003,1.0,5.31,1.0
8372,2022-07-30 12:24:17,0.55563,75.800003,1.0,5.31,1.0
8373,2022-07-30 12:24:18,0.62267,75.800003,1.0,5.31,1.0
8374,2022-07-30 12:24:19,0.621773,75.800003,1.0,5.31,1.0
8375,2022-07-30 12:24:20,0.622475,75.800003,1.0,5.31,1.0
8376,2022-07-30 12:24:21,0.62275,75.800003,1.0,5.31,1.0
8377,2022-07-30 12:24:22,0.62324,75.800003,1.0,5.31,1.0
8378,2022-07-30 12:24:23,0.621613,75.800003,1.0,5.31,1.0
8379,2022-07-30 12:24:24,0.620469,75.800003,1.0,5.31,1.0
8380,2022-07-30 12:24:25,0.622274,75.800003,1.0,5.31,1.0
8381,2022-07-30 12:24:26,0.622702,75.800003,1.0,5.31,1.0
8382,2022-07-30 12:24:27,0.621798,75.800003,1.0,5.31,1.0
8383,2022-07-30 12:24:28,0.621146,75.800003,1.0,5.31,1.0
8384,2022-07-30 12:24:29,0.620683,75.800003,1.0,5.31,1.0
8385,2022-07-30 12:24:30,0.622518,75.800003,1.0,5.31,0.6111291818568282
8408,2022-07-30 12:24:51,0.670246,75.599998,0.8,5.31,0.7999999999999997
8409,2022-07-30 12:24:51,0.670569,75.699997,0.8,5.31,0.7999999999999997
8410,2022-07-30 12:24:52,0.671159,75.699997,0.8,5.31,0.7999999999999997
8411,2022-07-30 12:24:54,0.670598,75.599998,0.8,5.31,0.7999999999999997
8412,2022-07-30 12:24:55,0.670018,75.699997,0.8,5.31,0.7999999999999997
8413,2022-07-30 12:24:56,0.670005,75.699997,0.8,5.31,0.7999999999999997
8414,2022-07-30 12:24:57,0.670766,75.599998,0.8,5.31,0.7999999999999997
8415,2022-07-30 12:24:58,0.594153,75.599998,0.8,5.31,0.7999999999999997
8416,2022-07-30 12:24:59,0.669664,75.599998,0.8,5.31,0.7999999999999997
8417,2022-07-30 12:25:00,0.669196,75.599998,0.8,5.31,0.7999999999999997
8418,2022-07-30 12:25:01,0.669915,75.599998,0.8,5.31,0.7999999999999997
8419,2022-07-30 12:25:02,0.669646,75.599998,0.8,5.31,0.7999999999999997
8420,2022-07-30 12:25:03,0.669604,75.599998,0.8,5.31,0.7999999999999997
8421,2022-07-30 12:25:04,0.66941,75.599998,0.8,5.31,0.7999999999999997
8422,2022-07-30 12:25:05,0.66819,75.599998,0.8,5.31,0.7999999999999997
8423,2022-07-30 12:25:06,0.668419,75.599998,0.8,5.31,0.7999999999999997
8424,2022-07-30 12:25:07,0.669705,75.599998,0.8,5.31,0.7999999999999997
8425,2022-07-30 12:25:08,0.667756,75.599998,0.8,5.31,0.7999999999999997
8426,2022-07-30 12:25:09,0.669114,75.599998,0.8,5.35,0.7999999999999997
8427,2022-07-30 12:25:10,0.668984,75.599998,0.8,5.35,0.7999999999999997
8428,2022-07-30 12:25:11,0.668805,75.5,0.8,5.35,0.7999999999999997
8429,2022-07-30 12:25:12,0.668815,75.5,0.8,5.35,0.7999999999999997
8430,2022-07-30 12:25:13,0.668356,75.53801,0.8,5.35,0.7999999999999997
8431,2022-07-30 12:25:14,0.669468,75.5,0.8,5.35,0.7999999999999997
8432,2022-07-30 12:25:15,0.668457,75.53801,0.8,5.35,0.7999999999999997
8433,2022-07-30 12:25:16,0.668992,75.5,0.8,5.35,0.7999999999999997
8434,2022-07-30 12:25:17,0.627179,75.599998,0.8,5.35,0.7999999999999997
8435,2022-07-30 12:25:18,0.668196,75.599998,0.8,5.35,0.7999999999999997
8436,2022-07-30 12:25:19,0.668781,75.599998,0.8,5.35,0.7999999999999997
8437,2022-07-30 12:25:20,0.667719,75.5,0.8,5.35,0.7999999999999997
8438,2022-07-30 12:25:21,0.667468,75.5,0.8,5.35,0.7999999999999997
8439,2022-07-30 12:25:22,0.668533,75.5,0.8,5.35,0.7999999999999997
8440,2022-07-30 12:25:23,0.66823,75.5,0.8,5.35,0.7999999999999997
8441,2022-07-30 12:25:24,0.668177,75.5,0.8,5.35,0.7999999999999997
8442,2022-07-30 12:25:25,0.667383,75.5,0.8,5.32,0.7999999999999997
8443,2022-07-30 12:25:26,0.66888,75.5,0.8,5.32,0.7999999999999997
8444,2022-07-30 12:25:27,0.653094,75.5,0.8,5.32,0.7999999999999997
8445,2022-07-30 12:25:28,0.667733,75.5,0.8,5.32,0.7999999999999997
8446,2022-07-30 12:25:29,0.669225,75.5,0.8,5.32,0.7999999999999997
8447,2022-07-30 12:25:30,0.668805,75.5,0.8,5.32,0.7999999999999997
8448,2022-07-30 12:25:31,0.669391,75.5,0.8,5.32,0.7999999999999997
8449,2022-07-30 12:25:32,0.669937,75.5,0.8,5.32,0.7999999999999997
8450,2022-07-30 12:25:33,0.668948,75.5,0.8,5.32,0.7999999999999997
8451,2022-07-30 12:25:34,0.668469,75.5,0.8,5.32,0.7999999999999997
8452,2022-07-30 12:25:35,0.66998,75.5,0.8,5.33,0.7999999999999997
8453,2022-07-30 12:25:36,0.669199,75.5,0.8,5.33,0.7999999999999997
8454,2022-07-30 12:25:37,0.650963,75.5,0.8,5.33,0.7999999999999997
8455,2022-07-30 12:25:39,0.668027,75.5,0.8,5.33,0.7999999999999997
8456,2022-07-30 12:25:40,0.668466,75.5,0.8,5.33,0.7999999999999997
8457,2022-07-30 12:25:41,0.668252,75.5,0.8,5.33,0.7999999999999997
8458,2022-07-30 12:25:42,0.668466,75.5,0.8,5.33,0.7999999999999997
8459,2022-07-30 12:25:43,0.669442,75.5,0.8,5.33,0.7999999999999997
8460,2022-07-30 12:25:44,0.669419,75.5,0.8,5.33,0.7999999999999997
8461,2022-07-30 12:25:45,0.667725,75.5,0.8,5.33,0.7999999999999997
8462,2022-07-30 12:25:46,0.669456,75.5,0.8,5.32,0.7999999999999997
8463,2022-07-30 12:25:47,0.668473,75.5,0.8,5.32,0.7999999999999997
8464,2022-07-30 12:25:48,0.667414,75.585556,0.8,5.32,0.7999999999999997
8465,2022-07-30 12:25:49,0.668578,75.5,0.8,5.32,0.7999999999999997
8466,2022-07-30 12:25:50,0.667862,75.5,0.8,5.32,0.7999999999999997
8467,2022-07-30 12:25:51,0.670143,75.561996,0.8,5.32,0.7999999999999997
8468,2022-07-30 12:25:51,0.670143,75.561996,0.8,5.32,0.6111291818568282
8493,2022-07-30 12:26:13,0.721631,75.599998,0.6,5.32,0.6000000000000001
8494,2022-07-30 12:26:13,0.721631,75.599998,0.6,5.32,0.6000000000000001
8495,2022-07-30 12:26:14,0.720919,75.599998,0.6,5.32,0.6000000000000001
8496,2022-07-30 12:26:15,0.716509,75.599998,0.6,5.32,0.6000000000000001
8497,2022-07-30 12:26:16,0.716223,75.5,0.6,5.32,0.6000000000000001
8498,2022-07-30 12:26:17,0.718064,75.599998,0.6,5.32,0.6000000000000001
8499,2022-07-30 12:26:18,0.717562,75.599998,0.6,5.32,0.6000000000000001
8500,2022-07-30 12:26:19,0.717622,75.599998,0.6,5.32,0.6000000000000001
8501,2022-07-30 12:26:20,0.718415,75.599998,0.6,5.32,0.6000000000000001
8502,2022-07-30 12:26:21,0.717622,75.599998,0.6,5.32,0.6000000000000001
8503,2022-07-30 12:26:23,0.717856,75.5,0.6,5.32,0.6000000000000001
8504,2022-07-30 12:26:24,0.718175,75.599998,0.6,5.32,0.6000000000000001
8505,2022-07-30 12:26:25,0.717902,75.599998,0.6,5.32,0.6000000000000001
8506,2022-07-30 12:26:26,0.717955,75.599998,0.6,5.32,0.6000000000000001
8507,2022-07-30 12:26:27,0.718057,75.599998,0.6,5.32,0.6000000000000001
8508,2022-07-30 12:26:28,0.717658,75.514442,0.6,5.32,0.6000000000000001
8509,2022-07-30 12:26:29,0.717195,75.599998,0.6,5.38,0.6000000000000001
8510,2022-07-30 12:26:30,0.718099,75.5,0.6,5.38,0.6000000000000001
8511,2022-07-30 12:26:31,0.717539,75.5,0.6,5.38,0.6000000000000001
8512,2022-07-30 12:26:32,0.717249,75.599998,0.6,5.38,0.6000000000000001
8513,2022-07-30 12:26:33,0.716331,75.599998,0.6,5.38,0.6000000000000001
8514,2022-07-30 12:26:34,0.717498,75.599998,0.6,5.38,0.6000000000000001
8515,2022-07-30 12:26:35,0.716699,75.514442,0.6,5.38,0.6000000000000001
8516,2022-07-30 12:26:36,0.716944,75.599998,0.6,5.38,0.6000000000000001
8517,2022-07-30 12:26:37,0.716521,75.599998,0.6,5.38,0.6000000000000001
8518,2022-07-30 12:26:38,0.717764,75.599998,0.6,5.38,0.6000000000000001
8519,2022-07-30 12:26:39,0.716997,75.599998,0.6,5.38,0.6000000000000001
8520,2022-07-30 12:26:40,0.718117,75.599998,0.6,5.38,0.6000000000000001
8521,2022-07-30 12:26:41,0.717654,75.599998,0.6,5.38,0.6000000000000001
8522,2022-07-30 12:26:42,0.716923,75.599998,0.6,5.38,0.6000000000000001
8523,2022-07-30 12:26:43,0.716743,75.599998,0.6,5.38,0.6000000000000001
8524,2022-07-30 12:26:44,0.716716,75.599998,0.6,5.38,0.6000000000000001
8525,2022-07-30 12:26:45,0.71774,75.599998,0.6,5.38,0.6000000000000001
8526,2022-07-30 12:26:46,0.716818,75.599998,0.6,5.37,0.6000000000000001
8527,2022-07-30 12:26:47,0.717209,75.599998,0.6,5.37,0.6000000000000001
8528,2022-07-30 12:26:48,0.717207,75.599998,0.6,5.37,0.6000000000000001
8529,2022-07-30 12:26:49,0.717224,75.599998,0.6,5.37,0.6000000000000001
8530,2022-07-30 12:26:50,0.717101,75.599998,0.6,5.37,0.6000000000000001
8531,2022-07-30 12:26:51,0.716206,75.599998,0.6,5.37,0.6000000000000001
8532,2022-07-30 12:26:52,0.717029,75.599998,0.6,5.37,0.6000000000000001
8533,2022-07-30 12:26:53,0.717484,75.599998,0.6,5.37,0.6000000000000001
8534,2022-07-30 12:26:54,0.717159,75.599998,0.6,5.37,0.6000000000000001
8535,2022-07-30 12:26:55,0.717262,75.599998,0.6,5.37,0.6000000000000001
8536,2022-07-30 12:26:56,0.716145,75.599998,0.6,5.37,0.6000000000000001
8537,2022-07-30 12:26:57,0.69039,75.599998,0.6,5.37,0.6000000000000001
8538,2022-07-30 12:26:58,0.716785,75.599998,0.6,5.37,0.6000000000000001
8539,2022-07-30 12:26:59,0.716856,75.599998,0.6,5.37,0.6000000000000001
8540,2022-07-30 12:27:00,0.716663,75.599998,0.6,5.37,0.6000000000000001
8541,2022-07-30 12:27:01,0.717304,75.599998,0.6,5.37,0.6000000000000001
8542,2022-07-30 12:27:02,0.717188,75.699997,0.6,5.37,0.6000000000000001
8543,2022-07-30 12:27:03,0.717061,75.638008,0.6,5.37,0.6000000000000001
8544,2022-07-30 12:27:04,0.716352,75.599998,0.6,5.37,0.6000000000000001
8545,2022-07-30 12:27:05,0.717021,75.699997,0.6,5.37,0.6000000000000001
8546,2022-07-30 12:27:06,0.717458,75.699997,0.6,5.37,0.6000000000000001
8547,2022-07-30 12:27:08,0.716925,75.699997,0.6,5.37,0.6000000000000001
8548,2022-07-30 12:27:09,0.716835,75.638008,0.6,5.38,0.6000000000000001
8549,2022-07-30 12:27:10,0.716917,75.599998,0.6,5.38,0.6000000000000001
8550,2022-07-30 12:27:11,0.71718,75.661987,0.6,5.38,0.6000000000000001
8551,2022-07-30 12:27:12,0.717174,75.661987,0.6,5.38,0.6000000000000001
8552,2022-07-30 12:27:13,0.716917,75.714439,0.6,5.38,0.6111291818568282
8576,2022-07-30 12:27:34,0.743764,75.885559,0.5,5.39,0.5
8577,2022-07-30 12:27:35,0.743306,75.900002,0.5,5.45,0.5
8578,2022-07-30 12:27:36,0.744034,75.800003,0.5,5.45,0.5
8579,2022-07-30 12:27:37,0.681498,75.885559,0.5,5.45,0.5
8580,2022-07-30 12:27:38,0.74391,75.900002,0.5,5.45,0.5
8581,2022-07-30 12:27:39,0.7439,75.885559,0.5,5.45,0.5
8582,2022-07-30 12:27:40,0.742799,75.800003,0.5,5.45,0.5
8583,2022-07-30 12:27:41,0.742499,75.814453,0.5,5.45,0.5
8584,2022-07-30 12:27:42,0.743883,75.800003,0.5,5.45,0.5
8585,2022-07-30 12:27:43,0.743044,75.900002,0.5,5.45,0.5
8586,2022-07-30 12:27:44,0.742626,76.0,0.5,5.45,0.5
8587,2022-07-30 12:27:45,0.742983,76.0,0.5,5.45,0.5
8588,2022-07-30 12:27:46,0.742639,76.0,0.5,5.52,0.5
8589,2022-07-30 12:27:47,0.743591,75.900002,0.5,5.52,0.5
8590,2022-07-30 12:27:48,0.743374,75.900002,0.5,5.52,0.5
8591,2022-07-30 12:27:49,0.743528,75.96199,0.5,5.52,0.5
8592,2022-07-30 12:27:50,0.743428,75.900002,0.5,5.52,0.5
8593,2022-07-30 12:27:52,0.743015,76.0,0.5,5.52,0.5
8594,2022-07-30 12:27:53,0.742316,76.0,0.5,5.52,0.5
8595,2022-07-30 12:27:54,0.742536,76.0,0.5,5.52,0.5
8596,2022-07-30 12:27:55,0.742536,76.0,0.5,5.52,0.5
8597,2022-07-30 12:27:56,0.743141,76.0,0.5,5.52,0.5
8598,2022-07-30 12:27:57,0.743177,76.0,0.5,5.52,0.5
8599,2022-07-30 12:27:58,0.678405,76.0,0.5,5.52,0.5
8600,2022-07-30 12:27:59,0.742261,76.0,0.5,5.52,0.5
8601,2022-07-30 12:28:00,0.741995,76.0,0.5,5.52,0.5
8602,2022-07-30 12:28:01,0.743909,76.0,0.5,5.52,0.5
8603,2022-07-30 12:28:02,0.743293,76.0,0.5,5.52,0.5
8604,2022-07-30 12:28:03,0.741767,76.0,0.5,5.52,0.5
8605,2022-07-30 12:28:04,0.742179,76.0,0.5,5.52,0.5
8606,2022-07-30 12:28:05,0.742457,76.0,0.5,5.52,0.5
8607,2022-07-30 12:28:06,0.742585,76.099998,0.5,5.52,0.5
8608,2022-07-30 12:28:07,0.743109,76.099998,0.5,5.44,0.5
8609,2022-07-30 12:28:08,0.743108,76.014442,0.5,5.44,0.5
8610,2022-07-30 12:28:09,0.743294,76.0,0.5,5.44,0.5
8611,2022-07-30 12:28:10,0.743249,76.099998,0.5,5.44,0.5
8612,2022-07-30 12:28:11,0.742872,76.099998,0.5,5.44,0.5
8613,2022-07-30 12:28:12,0.742524,76.099998,0.5,5.44,0.5
8614,2022-07-30 12:28:13,0.742353,76.099998,0.5,5.44,0.5
8615,2022-07-30 12:28:14,0.742485,76.099998,0.5,5.44,0.5
8616,2022-07-30 12:28:15,0.74345,76.099998,0.5,5.44,0.5
8617,2022-07-30 12:28:16,0.742763,76.099998,0.5,5.44,0.5
8618,2022-07-30 12:28:17,0.72035,76.114441,0.5,5.44,0.5
8619,2022-07-30 12:28:18,0.741574,76.099998,0.5,5.44,0.5
8620,2022-07-30 12:28:19,0.742586,76.099998,0.5,5.44,0.5
8621,2022-07-30 12:28:20,0.741365,76.099998,0.5,5.44,0.5
8622,2022-07-30 12:28:21,0.740929,76.200005,0.5,5.44,0.5
8623,2022-07-30 12:28:22,0.74242,76.200005,0.5,5.44,0.5
8624,2022-07-30 12:28:23,0.743482,76.200005,0.5,5.44,0.5
8625,2022-07-30 12:28:24,0.742818,76.200005,0.5,5.44,0.5
8626,2022-07-30 12:28:25,0.742745,76.200005,0.5,5.44,0.5
8627,2022-07-30 12:28:26,0.741458,76.300003,0.5,5.46,0.5
8628,2022-07-30 12:28:27,0.742359,76.300003,0.5,5.46,0.5
8629,2022-07-30 12:28:28,0.744051,76.300003,0.5,5.46,0.5
8630,2022-07-30 12:28:29,0.744626,76.300003,0.5,5.46,0.5
8631,2022-07-30 12:28:30,0.742801,76.238014,0.5,5.46,0.5
8632,2022-07-30 12:28:31,0.744521,76.300003,0.5,5.46,0.5
8633,2022-07-30 12:28:32,0.742371,76.300003,0.5,5.46,0.5
8634,2022-07-30 12:28:33,0.741797,76.300003,0.5,5.46,0.6111291818568282
8656,2022-07-30 12:28:54,0.769078,76.500008,0.4,5.48,0.39999999999999986
8657,2022-07-30 12:28:54,0.769078,76.500008,0.4,5.48,0.39999999999999986
8658,2022-07-30 12:28:55,0.767866,76.500008,0.4,5.48,0.39999999999999986
8659,2022-07-30 12:28:56,0.769969,76.500008,0.4,5.48,0.39999999999999986
8660,2022-07-30 12:28:57,0.768625,76.500008,0.4,5.48,0.39999999999999986
8661,2022-07-30 12:28:58,0.769062,76.500008,0.4,5.48,0.39999999999999986
8662,2022-07-30 12:28:59,0.770524,76.500008,0.4,5.48,0.39999999999999986
8663,2022-07-30 12:29:00,0.767559,76.599998,0.4,5.48,0.39999999999999986
8664,2022-07-30 12:29:01,0.767531,76.599998,0.4,5.48,0.39999999999999986
8665,2022-07-30 12:29:02,0.768824,76.599998,0.4,5.48,0.39999999999999986
8666,2022-07-30 12:29:03,0.766981,76.500008,0.4,5.48,0.39999999999999986
8667,2022-07-30 12:29:04,0.768095,76.599998,0.4,5.48,0.39999999999999986
8668,2022-07-30 12:29:05,0.768017,76.599998,0.4,5.48,0.39999999999999986
8669,2022-07-30 12:29:06,0.767038,76.599998,0.4,5.48,0.39999999999999986
8670,2022-07-30 12:29:07,0.766364,76.599998,0.4,5.48,0.39999999999999986
8671,2022-07-30 12:29:08,0.769332,76.599998,0.4,5.47,0.39999999999999986
8672,2022-07-30 12:29:09,0.768252,76.599998,0.4,5.47,0.39999999999999986
8673,2022-07-30 12:29:10,0.770821,76.599998,0.4,5.47,0.39999999999999986
8674,2022-07-30 12:29:11,0.76929,76.699997,0.4,5.47,0.39999999999999986
8675,2022-07-30 12:29:12,0.767982,76.661987,0.4,5.47,0.39999999999999986
8676,2022-07-30 12:29:13,0.767982,76.661987,0.4,5.47,0.39999999999999986
8677,2022-07-30 12:29:14,0.766589,76.699997,0.4,5.47,0.39999999999999986
8678,2022-07-30 12:29:15,0.767872,76.699997,0.4,5.47,0.39999999999999986
8679,2022-07-30 12:29:16,0.770039,76.699997,0.4,5.47,0.39999999999999986
8680,2022-07-30 12:29:17,0.770144,76.699997,0.4,5.47,0.39999999999999986
8681,2022-07-30 12:29:18,0.766513,76.800018,0.4,5.47,0.39999999999999986
8682,2022-07-30 12:29:19,0.769679,76.738014,0.4,5.47,0.39999999999999986
8683,2022-07-30 12:29:21,0.767852,76.800018,0.4,5.47,0.39999999999999986
8684,2022-07-30 12:29:22,0.768009,76.800018,0.4,5.47,0.39999999999999986
8685,2022-07-30 12:29:23,0.766681,76.800018,0.4,5.47,0.39999999999999986
8686,2022-07-30 12:29:24,0.764865,76.800018,0.4,5.47,0.39999999999999986
8687,2022-07-30 12:29:25,0.767338,76.800018,0.4,5.47,0.39999999999999986
8688,2022-07-30 12:29:26,0.768004,76.800018,0.4,5.47,0.39999999999999986
8689,2022-07-30 12:29:27,0.768126,76.800018,0.4,5.47,0.39999999999999986
8690,2022-07-30 12:29:28,0.767016,76.800018,0.4,5.47,0.39999999999999986
8691,2022-07-30 12:29:29,0.766885,76.800018,0.4,5.47,0.39999999999999986
8692,2022-07-30 12:29:30,0.767959,76.800018,0.4,5.45,0.39999999999999986
8693,2022-07-30 12:29:31,0.769885,76.900002,0.4,5.45,0.39999999999999986
8694,2022-07-30 12:29:32,0.766415,76.900002,0.4,5.45,0.39999999999999986
8695,2022-07-30 12:29:33,0.767934,76.900002,0.4,5.45,0.39999999999999986
8696,2022-07-30 12:29:34,0.766449,76.900002,0.4,5.45,0.39999999999999986
8697,2022-07-30 12:29:35,0.766564,77.0,0.4,5.45,0.39999999999999986
8698,2022-07-30 12:29:36,0.767978,77.0,0.4,5.45,0.39999999999999986
8699,2022-07-30 12:29:37,0.767328,77.0,0.4,5.45,0.39999999999999986
8700,2022-07-30 12:29:38,0.765962,77.0,0.4,5.45,0.39999999999999986
8701,2022-07-30 12:29:39,0.767014,77.0,0.4,5.45,0.39999999999999986
8702,2022-07-30 12:29:40,0.767472,77.0,0.4,5.45,0.39999999999999986
8703,2022-07-30 12:29:41,0.766217,77.0,0.4,5.45,0.39999999999999986
8704,2022-07-30 12:29:42,0.768933,77.0,0.4,5.45,0.39999999999999986
8705,2022-07-30 12:29:43,0.769222,77.0,0.4,5.45,0.39999999999999986
8706,2022-07-30 12:29:44,0.767438,77.0,0.4,5.45,0.39999999999999986
8707,2022-07-30 12:29:45,0.76671,77.0,0.4,5.45,0.39999999999999986
8708,2022-07-30 12:29:46,0.768727,77.085564,0.4,5.45,0.39999999999999986
8709,2022-07-30 12:29:47,0.767876,77.100006,0.4,5.47,0.39999999999999986
8710,2022-07-30 12:29:48,0.76844,77.0,0.4,5.47,0.39999999999999986
8711,2022-07-30 12:29:49,0.767743,77.100006,0.4,5.47,0.39999999999999986
8712,2022-07-30 12:29:50,0.766923,77.100006,0.4,5.47,0.39999999999999986
8713,2022-07-30 12:29:51,0.769925,77.100006,0.4,5.47,0.39999999999999986
8714,2022-07-30 12:29:52,0.767058,77.100006,0.4,5.47,0.39999999999999986
8715,2022-07-30 12:29:53,0.76696,77.100006,0.4,5.47,0.39999999999999986
8716,2022-07-30 12:29:54,0.77033,77.100006,0.4,5.47,0.6111291818568282
8738,2022-07-30 12:30:14,0.799834,77.5,0.3,5.48,0.30000000000000004
8739,2022-07-30 12:30:15,0.798527,77.5,0.3,5.48,0.30000000000000004
8740,2022-07-30 12:30:16,0.798532,77.5,0.3,5.48,0.30000000000000004
8741,2022-07-30 12:30:17,0.751211,77.5,0.3,5.48,0.30000000000000004
8742,2022-07-30 12:30:18,0.798185,77.5,0.3,5.48,0.30000000000000004
8743,2022-07-30 12:30:19,0.798008,77.5,0.3,5.48,0.30000000000000004
8744,2022-07-30 12:30:20,0.799213,77.5,0.3,5.48,0.30000000000000004
8745,2022-07-30 12:30:21,0.798718,77.5,0.3,5.48,0.30000000000000004
8746,2022-07-30 12:30:22,0.798946,77.561996,0.3,5.48,0.30000000000000004
8747,2022-07-30 12:30:23,0.79848,77.585556,0.3,5.48,0.30000000000000004
8748,2022-07-30 12:30:24,0.79913,77.5,0.3,5.48,0.30000000000000004
8749,2022-07-30 12:30:25,0.796692,77.5,0.3,5.48,0.30000000000000004
8750,2022-07-30 12:30:26,0.798692,77.599998,0.3,5.54,0.30000000000000004
8751,2022-07-30 12:30:27,0.799521,77.599998,0.3,5.54,0.30000000000000004
8752,2022-07-30 12:30:28,0.79877,77.599998,0.3,5.54,0.30000000000000004
8753,2022-07-30 12:30:29,0.797375,77.599998,0.3,5.54,0.30000000000000004
8754,2022-07-30 12:30:30,0.799391,77.599998,0.3,5.54,0.30000000000000004
8755,2022-07-30 12:30:31,0.797382,77.599998,0.3,5.54,0.30000000000000004
8756,2022-07-30 12:30:32,0.798577,77.599998,0.3,5.54,0.30000000000000004
8757,2022-07-30 12:30:33,0.795504,77.599998,0.3,5.54,0.30000000000000004
8758,2022-07-30 12:30:34,0.797501,77.699997,0.3,5.54,0.30000000000000004
8759,2022-07-30 12:30:35,0.798914,77.599998,0.3,5.54,0.30000000000000004
8760,2022-07-30 12:30:36,0.799076,77.699997,0.3,5.54,0.30000000000000004
8761,2022-07-30 12:30:37,0.741165,77.699997,0.3,5.54,0.30000000000000004
8762,2022-07-30 12:30:38,0.799637,77.699997,0.3,5.54,0.30000000000000004
8763,2022-07-30 12:30:39,0.799871,77.761993,0.3,5.54,0.30000000000000004
8764,2022-07-30 12:30:40,0.795185,77.800003,0.3,5.54,0.30000000000000004
8765,2022-07-30 12:30:41,0.796389,77.800003,0.3,5.54,0.30000000000000004
8766,2022-07-30 12:30:42,0.795966,77.800003,0.3,5.54,0.30000000000000004
8767,2022-07-30 12:30:43,0.799553,77.800003,0.3,5.54,0.30000000000000004
8768,2022-07-30 12:30:44,0.796096,77.800003,0.3,5.54,0.30000000000000004
8769,2022-07-30 12:30:45,0.799054,77.800003,0.3,5.54,0.30000000000000004
8770,2022-07-30 12:30:46,0.799339,77.800003,0.3,5.54,0.30000000000000004
8771,2022-07-30 12:30:47,0.798878,77.838013,0.3,5.54,0.30000000000000004
8772,2022-07-30 12:30:48,0.798308,77.900002,0.3,5.54,0.30000000000000004
8773,2022-07-30 12:30:50,0.799478,77.800003,0.3,5.54,0.30000000000000004
8774,2022-07-30 12:30:51,0.795636,77.900002,0.3,5.54,0.30000000000000004
8775,2022-07-30 12:30:52,0.799368,77.900002,0.3,5.54,0.30000000000000004
8776,2022-07-30 12:30:53,0.798222,77.900002,0.3,5.54,0.30000000000000004
8777,2022-07-30 12:30:54,0.799215,77.900002,0.3,5.54,0.30000000000000004
8778,2022-07-30 12:30:55,0.797692,78.0,0.3,5.54,0.30000000000000004
8779,2022-07-30 12:30:56,0.7966,78.0,0.3,5.54,0.30000000000000004
8780,2022-07-30 12:30:57,0.799072,78.0,0.3,5.54,0.30000000000000004
8781,2022-07-30 12:30:58,0.755775,78.0,0.3,5.54,0.30000000000000004
8782,2022-07-30 12:30:59,0.798094,78.0,0.3,5.54,0.30000000000000004
8783,2022-07-30 12:31:00,0.796605,78.0,0.3,5.54,0.30000000000000004
8784,2022-07-30 12:31:01,0.795646,78.099998,0.3,5.54,0.30000000000000004
8785,2022-07-30 12:31:02,0.795569,78.099998,0.3,5.54,0.30000000000000004
8786,2022-07-30 12:31:03,0.794433,78.099998,0.3,5.54,0.30000000000000004
8787,2022-07-30 12:31:04,0.796376,78.014442,0.3,5.54,0.30000000000000004
8788,2022-07-30 12:31:05,0.799381,78.099998,0.3,5.54,0.30000000000000004
8789,2022-07-30 12:31:06,0.796923,78.099998,0.3,5.54,0.30000000000000004
8790,2022-07-30 12:31:07,0.799788,78.099998,0.3,5.54,0.30000000000000004
8791,2022-07-30 12:31:08,0.796899,78.099998,0.3,5.54,0.30000000000000004
8792,2022-07-30 12:31:09,0.795925,78.099998,0.3,5.56,0.30000000000000004
8793,2022-07-30 12:31:10,0.79498,78.200005,0.3,5.56,0.30000000000000004
8794,2022-07-30 12:31:11,0.794344,78.161995,0.3,5.56,0.30000000000000004
8795,2022-07-30 12:31:12,0.797704,78.099998,0.3,5.56,0.30000000000000004
8796,2022-07-30 12:31:13,0.796453,78.200005,0.3,5.56,0.30000000000000004
8797,2022-07-30 12:31:14,0.798739,78.200005,0.3,5.56,0.6111291818568282
8825,2022-07-30 12:31:38,0.828122,78.500008,0.2,5.58,0.19999999999999998
8826,2022-07-30 12:31:39,0.82876,78.500008,0.2,5.58,0.19999999999999998
8827,2022-07-30 12:31:40,0.82975,78.599998,0.2,5.58,0.19999999999999998
8828,2022-07-30 12:31:41,0.828582,78.500008,0.2,5.58,0.19999999999999998
8829,2022-07-30 12:31:42,0.829765,78.500008,0.2,5.58,0.19999999999999998
8830,2022-07-30 12:31:43,0.828939,78.599998,0.2,5.58,0.19999999999999998
8831,2022-07-30 12:31:44,0.828463,78.599998,0.2,5.58,0.19999999999999998
8832,2022-07-30 12:31:45,0.827407,78.599998,0.2,5.58,0.19999999999999998
8833,2022-07-30 12:31:46,0.828845,78.599998,0.2,5.78,0.19999999999999998
8834,2022-07-30 12:31:47,0.827224,78.599998,0.2,5.78,0.19999999999999998
8835,2022-07-30 12:31:48,0.827871,78.599998,0.2,5.78,0.19999999999999998
8836,2022-07-30 12:31:49,0.828532,78.599998,0.2,5.78,0.19999999999999998
8837,2022-07-30 12:31:50,0.82908,78.638008,0.2,5.78,0.19999999999999998
8838,2022-07-30 12:31:51,0.829346,78.699997,0.2,5.78,0.19999999999999998
8839,2022-07-30 12:31:52,0.827798,78.699997,0.2,5.78,0.19999999999999998
8840,2022-07-30 12:31:53,0.829686,78.785568,0.2,5.78,0.19999999999999998
8841,2022-07-30 12:31:54,0.828465,78.800011,0.2,5.78,0.19999999999999998
8842,2022-07-30 12:31:55,0.828513,78.800011,0.2,5.78,0.19999999999999998
8843,2022-07-30 12:31:56,0.828389,78.800011,0.2,5.8,0.19999999999999998
8844,2022-07-30 12:31:57,0.827411,78.800011,0.2,5.8,0.19999999999999998
8845,2022-07-30 12:31:58,0.827867,78.800011,0.2,5.8,0.19999999999999998
8846,2022-07-30 12:31:59,0.827629,78.800011,0.2,5.8,0.19999999999999998
8847,2022-07-30 12:32:00,0.827326,78.800011,0.2,5.8,0.19999999999999998
8848,2022-07-30 12:32:01,0.827215,78.800011,0.2,5.8,0.19999999999999998
8849,2022-07-30 12:32:02,0.827762,78.800011,0.2,5.8,0.19999999999999998
8850,2022-07-30 12:32:03,0.829124,78.900002,0.2,5.8,0.19999999999999998
8851,2022-07-30 12:32:04,0.825648,78.900002,0.2,5.8,0.19999999999999998
8852,2022-07-30 12:32:05,0.827446,78.900002,0.2,5.8,0.19999999999999998
8853,2022-07-30 12:32:06,0.828138,79.0,0.2,5.8,0.19999999999999998
8854,2022-07-30 12:32:07,0.830353,78.914444,0.2,5.8,0.19999999999999998
8855,2022-07-30 12:32:08,0.825972,79.0,0.2,5.84,0.19999999999999998
8856,2022-07-30 12:32:09,0.828784,79.0,0.2,5.84,0.19999999999999998
8857,2022-07-30 12:32:10,0.828355,79.0,0.2,5.84,0.19999999999999998
8858,2022-07-30 12:32:11,0.828557,79.0,0.2,5.84,0.19999999999999998
8859,2022-07-30 12:32:12,0.827446,79.0,0.2,5.84,0.19999999999999998
8860,2022-07-30 12:32:13,0.826286,79.099998,0.2,5.84,0.19999999999999998
8861,2022-07-30 12:32:14,0.827265,79.0,0.2,5.84,0.19999999999999998
8862,2022-07-30 12:32:15,0.82934,79.0,0.2,5.84,0.19999999999999998
8863,2022-07-30 12:32:16,0.82956,79.099998,0.2,5.84,0.19999999999999998
8864,2022-07-30 12:32:17,0.827416,79.099998,0.2,5.84,0.19999999999999998
8865,2022-07-30 12:32:19,0.828788,79.099998,0.2,5.84,0.19999999999999998
8866,2022-07-30 12:32:20,0.829874,79.099998,0.2,5.84,0.19999999999999998
8867,2022-07-30 12:32:21,0.828266,79.099998,0.2,5.84,0.19999999999999998
8868,2022-07-30 12:32:22,0.825352,79.099998,0.2,5.84,0.19999999999999998
8869,2022-07-30 12:32:23,0.825574,79.199997,0.2,5.84,0.19999999999999998
8870,2022-07-30 12:32:24,0.824214,79.199997,0.2,5.84,0.19999999999999998
8871,2022-07-30 12:32:25,0.826416,79.114441,0.2,5.84,0.19999999999999998
8872,2022-07-30 12:32:26,0.827077,79.199997,0.2,5.92,0.19999999999999998
8873,2022-07-30 12:32:27,0.827001,79.300003,0.2,5.92,0.19999999999999998
8874,2022-07-30 12:32:28,0.827327,79.300003,0.2,5.92,0.19999999999999998
8875,2022-07-30 12:32:29,0.827955,79.300003,0.2,5.92,0.19999999999999998
8876,2022-07-30 12:32:30,0.825506,79.300003,0.2,5.92,0.19999999999999998
8877,2022-07-30 12:32:31,0.827793,79.300003,0.2,5.92,0.19999999999999998
8878,2022-07-30 12:32:32,0.82966,79.300003,0.2,5.92,0.19999999999999998
8879,2022-07-30 12:32:33,0.82852,79.300003,0.2,5.92,0.19999999999999998
8880,2022-07-30 12:32:34,0.829842,79.300003,0.2,5.92,0.19999999999999998
8881,2022-07-30 12:32:35,0.826102,79.314445,0.2,5.92,0.19999999999999998
8882,2022-07-30 12:32:36,0.826225,79.400002,0.2,5.92,0.6111291818568282
8906,2022-07-30 12:32:57,0.770241,79.699997,0.15,5.75,0.15000000000000002
8907,2022-07-30 12:32:58,0.851688,79.699997,0.15,5.75,0.15000000000000002
8908,2022-07-30 12:32:59,0.851176,79.699997,0.15,5.75,0.15000000000000002
8909,2022-07-30 12:33:00,0.853273,79.699997,0.15,5.75,0.15000000000000002
8910,2022-07-30 12:33:01,0.848216,79.699997,0.15,5.75,0.15000000000000002
8911,2022-07-30 12:33:02,0.849737,79.699997,0.15,5.75,0.15000000000000002
8912,2022-07-30 12:33:04,0.852122,79.800003,0.15,5.75,0.15000000000000002
8913,2022-07-30 12:33:05,0.850787,79.800003,0.15,5.75,0.15000000000000002
8914,2022-07-30 12:33:06,0.85077,79.800003,0.15,5.86,0.15000000000000002
8915,2022-07-30 12:33:07,0.849135,79.800003,0.15,5.86,0.15000000000000002
8916,2022-07-30 12:33:08,0.770524,79.800003,0.15,5.86,0.15000000000000002
8917,2022-07-30 12:33:09,0.851116,79.800003,0.15,5.86,0.15000000000000002
8918,2022-07-30 12:33:10,0.850832,79.900009,0.15,5.86,0.15000000000000002
8919,2022-07-30 12:33:11,0.851312,79.800003,0.15,5.86,0.15000000000000002
8920,2022-07-30 12:33:12,0.851562,79.900009,0.15,5.86,0.15000000000000002
8921,2022-07-30 12:33:13,0.85252,80.0,0.15,5.86,0.15000000000000002
8922,2022-07-30 12:33:14,0.850939,80.0,0.15,5.86,0.15000000000000002
8923,2022-07-30 12:33:15,0.85132,80.0,0.15,5.89,0.15000000000000002
8924,2022-07-30 12:33:16,0.852586,80.0,0.15,5.89,0.15000000000000002
8925,2022-07-30 12:33:17,0.758183,80.0,0.15,5.89,0.15000000000000002
8926,2022-07-30 12:33:18,0.852577,80.0,0.15,5.89,0.15000000000000002
8927,2022-07-30 12:33:19,0.851092,80.0,0.15,5.89,0.15000000000000002
8928,2022-07-30 12:33:20,0.850402,80.0,0.15,5.89,0.15000000000000002
8929,2022-07-30 12:33:21,0.849165,80.0,0.15,5.89,0.15000000000000002
8930,2022-07-30 12:33:22,0.848746,80.099998,0.15,5.89,0.15000000000000002
8931,2022-07-30 12:33:23,0.849871,80.085556,0.15,5.89,0.15000000000000002
8932,2022-07-30 12:33:24,0.849604,80.014442,0.15,5.89,0.15000000000000002
8933,2022-07-30 12:33:25,0.850189,80.099998,0.15,5.91,0.15000000000000002
8934,2022-07-30 12:33:26,0.848739,80.099998,0.15,5.91,0.15000000000000002
8935,2022-07-30 12:33:27,0.756806,80.099998,0.15,5.91,0.15000000000000002
8936,2022-07-30 12:33:28,0.850704,80.099998,0.15,5.91,0.15000000000000002
8937,2022-07-30 12:33:29,0.851767,80.099998,0.15,5.91,0.15000000000000002
8938,2022-07-30 12:33:30,0.850316,80.161987,0.15,5.91,0.15000000000000002
8939,2022-07-30 12:33:31,0.848308,80.199997,0.15,5.91,0.15000000000000002
8940,2022-07-30 12:33:32,0.849205,80.099998,0.15,5.91,0.15000000000000002
8941,2022-07-30 12:33:33,0.849933,80.300003,0.15,5.91,0.15000000000000002
8942,2022-07-30 12:33:34,0.849981,80.300003,0.15,5.91,0.15000000000000002
8943,2022-07-30 12:33:35,0.850318,80.199997,0.15,5.91,0.15000000000000002
8944,2022-07-30 12:33:36,0.851209,80.300003,0.15,5.93,0.15000000000000002
8945,2022-07-30 12:33:37,0.848282,80.300003,0.15,5.93,0.15000000000000002
8946,2022-07-30 12:33:38,0.850507,80.300003,0.15,5.93,0.15000000000000002
8947,2022-07-30 12:33:39,0.848191,80.300003,0.15,5.93,0.15000000000000002
8948,2022-07-30 12:33:40,0.850656,80.300003,0.15,5.93,0.15000000000000002
8949,2022-07-30 12:33:41,0.849569,80.338013,0.15,5.93,0.15000000000000002
8950,2022-07-30 12:33:42,0.849409,80.400002,0.15,5.93,0.15000000000000002
8951,2022-07-30 12:33:43,0.849244,80.400002,0.15,5.93,0.15000000000000002
8952,2022-07-30 12:33:44,0.849915,80.400002,0.15,5.93,0.15000000000000002
8953,2022-07-30 12:33:45,0.850507,80.5,0.15,5.93,0.15000000000000002
8954,2022-07-30 12:33:46,0.85036,80.5,0.15,5.93,0.15000000000000002
8955,2022-07-30 12:33:48,0.756332,80.5,0.15,5.93,0.15000000000000002
8956,2022-07-30 12:33:49,0.848309,80.5,0.15,5.93,0.15000000000000002
8957,2022-07-30 12:33:50,0.849737,80.5,0.15,5.93,0.15000000000000002
8958,2022-07-30 12:33:51,0.848369,80.5,0.15,5.93,0.15000000000000002
8959,2022-07-30 12:33:52,0.850106,80.5,0.15,5.93,0.15000000000000002
8960,2022-07-30 12:33:53,0.849268,80.5,0.15,5.93,0.15000000000000002
8961,2022-07-30 12:33:54,0.850312,80.599998,0.15,5.93,0.15000000000000002
8962,2022-07-30 12:33:55,0.850746,80.599998,0.15,5.93,0.15000000000000002
8963,2022-07-30 12:33:56,0.848973,80.599998,0.15,5.97,0.15000000000000002
8964,2022-07-30 12:33:57,0.846788,80.599998,0.15,5.97,0.15000000000000002
8965,2022-07-30 12:33:57,0.791381,80.599998,0.15,5.97,0.6111291818568282
8987,2022-07-30 12:34:17,0.866755,81.0,0.1,6.04,0.09999999999999998
8988,2022-07-30 12:34:18,0.877531,80.900002,0.1,6.04,0.09999999999999998
8989,2022-07-30 12:34:19,0.87659,81.0,0.1,6.04,0.09999999999999998
8990,2022-07-30 12:34:20,0.877011,81.0,0.1,6.04,0.09999999999999998
8991,2022-07-30 12:34:21,0.876983,81.0,0.1,6.04,0.09999999999999998
8992,2022-07-30 12:34:22,0.87571,81.0,0.1,6.04,0.09999999999999998
8993,2022-07-30 12:34:23,0.879203,81.0,0.1,6.04,0.09999999999999998
8994,2022-07-30 12:34:24,0.878536,81.0,0.1,6.04,0.09999999999999998
8995,2022-07-30 12:34:25,0.874207,81.099998,0.1,6.19,0.09999999999999998
8996,2022-07-30 12:34:26,0.875119,81.0,0.1,6.19,0.09999999999999998
8997,2022-07-30 12:34:27,0.873551,81.099998,0.1,6.19,0.09999999999999998
8998,2022-07-30 12:34:28,0.875477,81.099998,0.1,6.19,0.09999999999999998
8999,2022-07-30 12:34:29,0.872725,81.099998,0.1,6.19,0.09999999999999998
9000,2022-07-30 12:34:30,0.875403,81.099998,0.1,6.19,0.09999999999999998
9001,2022-07-30 12:34:31,0.877221,81.099998,0.1,6.19,0.09999999999999998
9002,2022-07-30 12:34:33,0.875162,81.114441,0.1,6.19,0.09999999999999998
9003,2022-07-30 12:34:34,0.874768,81.114441,0.1,6.19,0.09999999999999998
9004,2022-07-30 12:34:35,0.875625,81.199997,0.1,6.19,0.09999999999999998
9005,2022-07-30 12:34:36,0.876969,81.199997,0.1,6.24,0.09999999999999998
9006,2022-07-30 12:34:37,0.876791,81.214439,0.1,6.24,0.09999999999999998
9007,2022-07-30 12:34:38,0.872878,81.261993,0.1,6.24,0.09999999999999998
9008,2022-07-30 12:34:39,0.876035,81.300003,0.1,6.24,0.09999999999999998
9009,2022-07-30 12:34:40,0.874655,81.300003,0.1,6.24,0.09999999999999998
9010,2022-07-30 12:34:41,0.873414,81.300003,0.1,6.24,0.09999999999999998
9011,2022-07-30 12:34:42,0.874973,81.300003,0.1,6.24,0.09999999999999998
9012,2022-07-30 12:34:43,0.876662,81.300003,0.1,6.24,0.09999999999999998
9013,2022-07-30 12:34:44,0.874912,81.300003,0.1,6.24,0.09999999999999998
9014,2022-07-30 12:34:45,0.875721,81.338013,0.1,6.24,0.09999999999999998
9015,2022-07-30 12:34:46,0.87668,81.400002,0.1,6.27,0.09999999999999998
9016,2022-07-30 12:34:47,0.875966,81.400002,0.1,6.27,0.09999999999999998
9017,2022-07-30 12:34:48,0.873987,81.400002,0.1,6.27,0.09999999999999998
9018,2022-07-30 12:34:49,0.873752,81.5,0.1,6.27,0.09999999999999998
9019,2022-07-30 12:34:50,0.875641,81.5,0.1,6.27,0.09999999999999998
9020,2022-07-30 12:34:51,0.873796,81.5,0.1,6.27,0.09999999999999998
9021,2022-07-30 12:34:52,0.873271,81.5,0.1,6.27,0.09999999999999998
9022,2022-07-30 12:34:53,0.875728,81.5,0.1,6.27,0.09999999999999998
9023,2022-07-30 12:34:54,0.875643,81.5,0.1,6.27,0.09999999999999998
9024,2022-07-30 12:34:55,0.876478,81.51445,0.1,6.27,0.09999999999999998
9025,2022-07-30 12:34:56,0.875595,81.5,0.1,6.3,0.09999999999999998
9026,2022-07-30 12:34:57,0.876331,81.5,0.1,6.3,0.09999999999999998
9027,2022-07-30 12:34:58,0.874769,81.600006,0.1,6.3,0.09999999999999998
9028,2022-07-30 12:34:59,0.872981,81.600006,0.1,6.3,0.09999999999999998
9029,2022-07-30 12:35:00,0.87676,81.600006,0.1,6.3,0.09999999999999998
9030,2022-07-30 12:35:01,0.874342,81.600006,0.1,6.3,0.09999999999999998
9031,2022-07-30 12:35:02,0.874487,81.600006,0.1,6.3,0.09999999999999998
9032,2022-07-30 12:35:03,0.876602,81.600006,0.1,6.3,0.09999999999999998
9033,2022-07-30 12:35:04,0.875265,81.699997,0.1,6.3,0.09999999999999998
9034,2022-07-30 12:35:05,0.874968,81.638016,0.1,6.3,0.09999999999999998
9035,2022-07-30 12:35:06,0.874611,81.699997,0.1,6.32,0.09999999999999998
9036,2022-07-30 12:35:07,0.873652,81.699997,0.1,6.32,0.09999999999999998
9037,2022-07-30 12:35:08,0.875371,81.761993,0.1,6.32,0.09999999999999998
9038,2022-07-30 12:35:09,0.873891,81.800003,0.1,6.32,0.09999999999999998
9039,2022-07-30 12:35:10,0.874396,81.800003,0.1,6.32,0.09999999999999998
9040,2022-07-30 12:35:11,0.874523,81.800003,0.1,6.32,0.09999999999999998
9041,2022-07-30 12:35:12,0.874393,81.800003,0.1,6.32,0.09999999999999998
9042,2022-07-30 12:35:13,0.874351,81.900009,0.1,6.32,0.09999999999999998
9043,2022-07-30 12:35:14,0.874469,81.900009,0.1,6.32,0.09999999999999998
9044,2022-07-30 12:35:15,0.873854,81.800003,0.1,6.35,0.09999999999999998
9045,2022-07-30 12:35:17,0.8762,81.900009,0.1,6.35,0.6111291818568282
9072,2022-07-30 12:35:40,0.910493,82.300003,0.05,6.45,0.04999999999999999
9073,2022-07-30 12:35:40,0.910493,82.300003,0.05,6.45,0.04999999999999999
9074,2022-07-30 12:35:41,0.91106,82.300003,0.05,6.45,0.04999999999999999
9075,2022-07-30 12:35:42,0.909912,82.300003,0.05,6.45,0.04999999999999999
9076,2022-07-30 12:35:43,0.911244,82.300003,0.05,6.45,0.04999999999999999
9077,2022-07-30 12:35:44,0.909361,82.300003,0.05,6.45,0.04999999999999999
9078,2022-07-30 12:35:45,0.910546,82.300003,0.05,6.69,0.04999999999999999
9079,2022-07-30 12:35:46,0.909258,82.400002,0.05,6.69,0.04999999999999999
9080,2022-07-30 12:35:47,0.894118,82.361992,0.05,6.69,0.04999999999999999
9081,2022-07-30 12:35:48,0.90987,82.300003,0.05,6.69,0.04999999999999999
9082,2022-07-30 12:35:49,0.908022,82.400002,0.05,6.69,0.04999999999999999
9083,2022-07-30 12:35:50,0.909713,82.438004,0.05,6.69,0.04999999999999999
9084,2022-07-30 12:35:51,0.908216,82.400002,0.05,6.69,0.04999999999999999
9085,2022-07-30 12:35:52,0.909729,82.5,0.05,6.69,0.04999999999999999
9086,2022-07-30 12:35:53,0.907749,82.5,0.05,6.69,0.04999999999999999
9087,2022-07-30 12:35:54,0.911057,82.5,0.05,6.69,0.04999999999999999
9088,2022-07-30 12:35:55,0.90768,82.5,0.05,6.76,0.04999999999999999
9089,2022-07-30 12:35:56,0.906236,82.5,0.05,6.76,0.04999999999999999
9090,2022-07-30 12:35:57,0.883891,82.53801,0.05,6.76,0.04999999999999999
9091,2022-07-30 12:35:58,0.908088,82.599998,0.05,6.76,0.04999999999999999
9092,2022-07-30 12:35:59,0.910951,82.599998,0.05,6.76,0.04999999999999999
9093,2022-07-30 12:36:00,0.908106,82.599998,0.05,6.76,0.04999999999999999
9094,2022-07-30 12:36:02,0.910342,82.599998,0.05,6.76,0.04999999999999999
9095,2022-07-30 12:36:03,0.910367,82.599998,0.05,6.76,0.04999999999999999
9096,2022-07-30 12:36:04,0.908707,82.599998,0.05,6.76,0.04999999999999999
9097,2022-07-30 12:36:05,0.910459,82.599998,0.05,6.76,0.04999999999999999
9098,2022-07-30 12:36:06,0.909503,82.700005,0.05,6.81,0.04999999999999999
9099,2022-07-30 12:36:07,0.909458,82.700005,0.05,6.81,0.04999999999999999
9100,2022-07-30 12:36:08,0.909153,82.800003,0.05,6.81,0.04999999999999999
9101,2022-07-30 12:36:09,0.909005,82.800003,0.05,6.81,0.04999999999999999
9102,2022-07-30 12:36:10,0.910652,82.800003,0.05,6.81,0.04999999999999999
9103,2022-07-30 12:36:11,0.910732,82.800003,0.05,6.81,0.04999999999999999
9104,2022-07-30 12:36:12,0.906348,82.800003,0.05,6.81,0.04999999999999999
9105,2022-07-30 12:36:13,0.908866,82.800003,0.05,6.81,0.04999999999999999
9106,2022-07-30 12:36:14,0.90827,82.800003,0.05,6.81,0.04999999999999999
9107,2022-07-30 12:36:15,0.907231,82.800003,0.05,6.85,0.04999999999999999
9108,2022-07-30 12:36:16,0.910307,82.800003,0.05,6.85,0.04999999999999999
9109,2022-07-30 12:36:17,0.875657,82.900002,0.05,6.85,0.04999999999999999
9110,2022-07-30 12:36:18,0.908952,82.800003,0.05,6.85,0.04999999999999999
9111,2022-07-30 12:36:19,0.905026,82.800003,0.05,6.85,0.04999999999999999
9112,2022-07-30 12:36:20,0.908357,83.000008,0.05,6.85,0.04999999999999999
9113,2022-07-30 12:36:21,0.907868,82.985565,0.05,6.85,0.04999999999999999
9114,2022-07-30 12:36:22,0.908826,83.000008,0.05,6.85,0.04999999999999999
9115,2022-07-30 12:36:23,0.908272,83.000008,0.05,6.85,0.04999999999999999
9116,2022-07-30 12:36:24,0.908795,83.000008,0.05,6.85,0.04999999999999999
9117,2022-07-30 12:36:25,0.908338,83.000008,0.05,6.88,0.04999999999999999
9118,2022-07-30 12:36:26,0.908786,83.000008,0.05,6.88,0.04999999999999999
9119,2022-07-30 12:36:27,0.874749,83.000008,0.05,6.88,0.04999999999999999
9120,2022-07-30 12:36:28,0.906016,83.085556,0.05,6.88,0.04999999999999999
9121,2022-07-30 12:36:29,0.906056,83.099998,0.05,6.88,0.04999999999999999
9122,2022-07-30 12:36:30,0.90734,83.01445,0.05,6.88,0.04999999999999999
9123,2022-07-30 12:36:31,0.908889,83.099998,0.05,6.88,0.04999999999999999
9124,2022-07-30 12:36:32,0.909207,83.099998,0.05,6.88,0.04999999999999999
9125,2022-07-30 12:36:33,0.906862,83.099998,0.05,6.88,0.04999999999999999
9126,2022-07-30 12:36:34,0.908093,83.099998,0.05,6.88,0.04999999999999999
9127,2022-07-30 12:36:35,0.906465,83.161987,0.05,6.92,0.04999999999999999
9128,2022-07-30 12:36:36,0.90793,83.161987,0.05,6.92,0.04999999999999999
9129,2022-07-30 12:36:37,0.877484,83.199997,0.05,6.92,0.04999999999999999
9130,2022-07-30 12:36:38,0.907819,83.199997,0.05,6.92,0.04999999999999999
9131,2022-07-30 12:36:39,0.908331,83.199997,0.05,6.92,0.6111291818568282
9155,2022-07-30 12:37:01,0.941892,83.5,0.02,6.97,0.020000000000000004
9156,2022-07-30 12:37:02,0.941589,83.5,0.02,6.97,0.020000000000000004
9157,2022-07-30 12:37:03,0.941996,83.599998,0.02,6.97,0.020000000000000004
9158,2022-07-30 12:37:04,0.940087,83.599998,0.02,6.97,0.020000000000000004
9159,2022-07-30 12:37:05,0.942112,83.599998,0.02,6.97,0.020000000000000004
9160,2022-07-30 12:37:06,0.941056,83.599998,0.02,7.26,0.020000000000000004
9161,2022-07-30 12:37:07,0.941087,83.599998,0.02,7.26,0.020000000000000004
9162,2022-07-30 12:37:08,0.93914,83.599998,0.02,7.26,0.020000000000000004
9163,2022-07-30 12:37:09,0.9401,83.599998,0.02,7.26,0.020000000000000004
9164,2022-07-30 12:37:10,0.940317,83.599998,0.02,7.26,0.020000000000000004
9165,2022-07-30 12:37:11,0.941037,83.599998,0.02,7.26,0.020000000000000004
9166,2022-07-30 12:37:12,0.939431,83.599998,0.02,7.26,0.020000000000000004
9167,2022-07-30 12:37:13,0.940231,83.699997,0.02,7.26,0.020000000000000004
9168,2022-07-30 12:37:14,0.939392,83.699997,0.02,7.26,0.020000000000000004
9169,2022-07-30 12:37:15,0.938657,83.699997,0.02,7.35,0.020000000000000004
9170,2022-07-30 12:37:16,0.940157,83.699997,0.02,7.35,0.020000000000000004
9171,2022-07-30 12:37:17,0.941245,83.738007,0.02,7.35,0.020000000000000004
9172,2022-07-30 12:37:18,0.940216,83.800003,0.02,7.35,0.020000000000000004
9173,2022-07-30 12:37:19,0.940779,83.699997,0.02,7.35,0.020000000000000004
9174,2022-07-30 12:37:20,0.940899,83.800003,0.02,7.35,0.020000000000000004
9175,2022-07-30 12:37:21,0.939558,83.800003,0.02,7.35,0.020000000000000004
9176,2022-07-30 12:37:22,0.940622,83.800003,0.02,7.35,0.020000000000000004
9177,2022-07-30 12:37:23,0.940319,83.800003,0.02,7.35,0.020000000000000004
9178,2022-07-30 12:37:24,0.938459,83.800003,0.02,7.35,0.020000000000000004
9179,2022-07-30 12:37:25,0.940018,83.800003,0.02,7.39,0.020000000000000004
9180,2022-07-30 12:37:26,0.939011,83.900002,0.02,7.39,0.020000000000000004
9181,2022-07-30 12:37:27,0.93731,83.800003,0.02,7.39,0.020000000000000004
9182,2022-07-30 12:37:28,0.940507,83.900002,0.02,7.39,0.020000000000000004
9183,2022-07-30 12:37:29,0.93773,83.900002,0.02,7.39,0.020000000000000004
9184,2022-07-30 12:37:31,0.936865,83.900002,0.02,7.39,0.020000000000000004
9185,2022-07-30 12:37:32,0.937179,84.0,0.02,7.39,0.020000000000000004
9186,2022-07-30 12:37:33,0.939277,84.0,0.02,7.39,0.020000000000000004
9187,2022-07-30 12:37:34,0.939678,84.0,0.02,7.39,0.020000000000000004
9188,2022-07-30 12:37:35,0.937907,84.0,0.02,7.39,0.020000000000000004
9189,2022-07-30 12:37:36,0.939615,84.0,0.02,7.42,0.020000000000000004
9190,2022-07-30 12:37:37,0.939668,84.0,0.02,7.42,0.020000000000000004
9191,2022-07-30 12:37:38,0.938061,84.0,0.02,7.42,0.020000000000000004
9192,2022-07-30 12:37:39,0.936769,84.0,0.02,7.42,0.020000000000000004
9193,2022-07-30 12:37:40,0.939808,84.0,0.02,7.42,0.020000000000000004
9194,2022-07-30 12:37:41,0.9375,84.0,0.02,7.42,0.020000000000000004
9195,2022-07-30 12:37:42,0.938109,84.0,0.02,7.42,0.020000000000000004
9196,2022-07-30 12:37:43,0.937955,84.0,0.02,7.42,0.020000000000000004
9197,2022-07-30 12:37:44,0.937952,84.0,0.02,7.42,0.020000000000000004
9198,2022-07-30 12:37:45,0.936882,84.100006,0.02,7.42,0.020000000000000004
9199,2022-07-30 12:37:46,0.937903,84.100006,0.02,7.45,0.020000000000000004
9200,2022-07-30 12:37:47,0.938812,84.100006,0.02,7.45,0.020000000000000004
9201,2022-07-30 12:37:48,0.937415,84.100006,0.02,7.45,0.020000000000000004
9202,2022-07-30 12:37:49,0.937783,84.100006,0.02,7.45,0.020000000000000004
9203,2022-07-30 12:37:50,0.937881,84.100006,0.02,7.45,0.020000000000000004
9204,2022-07-30 12:37:51,0.937111,84.100006,0.02,7.45,0.020000000000000004
9205,2022-07-30 12:37:52,0.937536,84.100006,0.02,7.45,0.020000000000000004
9206,2022-07-30 12:37:53,0.937095,84.100006,0.02,7.45,0.020000000000000004
9207,2022-07-30 12:37:54,0.937312,84.100006,0.02,7.45,0.020000000000000004
9208,2022-07-30 12:37:55,0.939504,84.100006,0.02,7.48,0.020000000000000004
9209,2022-07-30 12:37:56,0.938955,84.100006,0.02,7.48,0.020000000000000004
9210,2022-07-30 12:37:57,0.937492,84.100006,0.02,7.48,0.020000000000000004
9211,2022-07-30 12:37:58,0.93893,84.100006,0.02,7.48,0.020000000000000004
9212,2022-07-30 12:37:59,0.937528,84.100006,0.02,7.48,0.020000000000000004
9213,2022-07-30 12:38:00,0.936967,84.199997,0.02,7.48,0.6111291818568282
