,timer,AI.U.E.Co.Tb.1 [V],AI.T.Air.ST.UUT.out [°C],current density [A/cm2],HFR [mOhm],mean current density [A/cm2]
111324,2022-08-05 17:43:37,0.321221,83.599998,1.6,-99.0,1.5999999999999996
111325,2022-08-05 17:43:38,0.320986,83.599998,1.6,-99.0,1.5999999999999996
111326,2022-08-05 17:43:39,0.321115,83.599998,1.6,-99.0,1.5999999999999996
111327,2022-08-05 17:43:40,0.321009,83.599998,1.6,6.85,1.5999999999999996
111328,2022-08-05 17:43:41,0.320584,83.599998,1.6,6.85,1.5999999999999996
111329,2022-08-05 17:43:42,0.209995,83.599998,1.6,6.85,1.5999999999999996
111330,2022-08-05 17:43:43,0.32033,83.599998,1.6,6.85,1.5999999999999996
111331,2022-08-05 17:43:45,0.320262,83.599998,1.6,6.85,1.5999999999999996
111332,2022-08-05 17:43:46,0.320393,83.599998,1.6,6.85,1.5999999999999996
111333,2022-08-05 17:43:47,0.320338,83.599998,1.6,6.85,1.5999999999999996
111334,2022-08-05 17:43:48,0.320675,83.599998,1.6,6.85,1.5999999999999996
111335,2022-08-05 17:43:49,0.320349,83.599998,1.6,6.85,1.5999999999999996
111336,2022-08-05 17:43:50,0.320139,83.599998,1.6,6.85,1.5999999999999996
111337,2022-08-05 17:43:51,0.320296,83.599998,1.6,6.87,1.5999999999999996
111338,2022-08-05 17:43:52,0.320228,83.599998,1.6,6.87,1.5999999999999996
111339,2022-08-05 17:43:53,0.234117,83.599998,1.6,6.87,1.5999999999999996
111340,2022-08-05 17:43:54,0.31987,83.599998,1.6,6.87,1.5999999999999996
111341,2022-08-05 17:43:55,0.31994,83.599998,1.6,6.87,1.5999999999999996
111342,2022-08-05 17:43:56,0.319903,83.599998,1.6,6.87,1.5999999999999996
111343,2022-08-05 17:43:57,0.31988,83.599998,1.6,6.87,1.5999999999999996
111344,2022-08-05 17:43:58,0.319677,83.599998,1.6,6.87,1.5999999999999996
111345,2022-08-05 17:43:59,0.319575,83.585556,1.6,6.87,1.5999999999999996
111346,2022-08-05 17:44:00,0.319468,83.5,1.6,6.86,1.5999999999999996
111347,2022-08-05 17:44:01,0.319387,83.585556,1.6,6.86,1.5999999999999996
111348,2022-08-05 17:44:02,0.232301,83.5,1.6,6.86,1.5999999999999996
111349,2022-08-05 17:44:03,0.320015,83.5,1.6,6.86,1.5999999999999996
111350,2022-08-05 17:44:04,0.319531,83.5,1.6,6.86,1.5999999999999996
111351,2022-08-05 17:44:05,0.31981,83.5,1.6,6.86,1.5999999999999996
111352,2022-08-05 17:44:06,0.319626,83.5,1.6,6.86,1.5999999999999996
111353,2022-08-05 17:44:07,0.319872,83.5,1.6,6.86,1.5999999999999996
111354,2022-08-05 17:44:08,0.319773,83.5,1.6,6.86,1.5999999999999996
111355,2022-08-05 17:44:09,0.319756,83.5,1.6,6.86,1.5999999999999996
111356,2022-08-05 17:44:10,0.319589,83.5,1.6,6.86,1.5999999999999996
111357,2022-08-05 17:44:11,0.319434,83.5,1.6,6.86,1.5999999999999996
111358,2022-08-05 17:44:12,0.295533,83.5,1.6,6.86,1.5999999999999996
111359,2022-08-05 17:44:13,0.319704,83.5,1.6,6.86,1.5999999999999996
111360,2022-08-05 17:44:14,0.319253,83.5,1.6,6.86,1.5999999999999996
111361,2022-08-05 17:44:15,0.318746,83.5,1.6,6.86,1.5999999999999996
111362,2022-08-05 17:44:16,0.31965,83.5,1.6,6.86,1.5999999999999996
111363,2022-08-05 17:44:17,0.319389,83.5,1.6,6.86,1.5999999999999996
111364,2022-08-05 17:44:18,0.319731,83.5,1.6,6.86,1.5999999999999996
111365,2022-08-05 17:44:19,0.319441,83.5,1.6,6.86,1.5999999999999996
111366,2022-08-05 17:44:20,0.319816,83.400002,1.6,6.86,1.5999999999999996
111367,2022-08-05 17:44:21,0.319711,83.400002,1.6,6.86,1.5999999999999996
111368,2022-08-05 17:44:22,0.292447,83.400002,1.6,6.86,1.5999999999999996
111369,2022-08-05 17:44:23,0.319305,83.400002,1.6,6.86,1.5999999999999996
111370,2022-08-05 17:44:24,0.31973,83.400002,1.6,6.86,1.5999999999999996
111371,2022-08-05 17:44:25,0.319554,83.400002,1.6,6.86,1.5999999999999996
111372,2022-08-05 17:44:26,0.319312,83.5,1.6,6.86,1.5999999999999996
111373,2022-08-05 17:44:27,0.319574,83.400002,1.6,6.86,1.5999999999999996
111374,2022-08-05 17:44:29,0.319791,83.400002,1.6,6.86,1.5999999999999996
111375,2022-08-05 17:44:30,0.319834,83.400002,1.6,6.86,1.5999999999999996
111376,2022-08-05 17:44:31,0.319408,83.400002,1.6,6.86,1.5999999999999996
111377,2022-08-05 17:44:32,0.319775,83.400002,1.6,6.86,1.5999999999999996
111378,2022-08-05 17:44:33,0.31329,83.400002,1.6,6.86,1.5999999999999996
111379,2022-08-05 17:44:34,0.319816,83.400002,1.6,6.86,1.5999999999999996
111380,2022-08-05 17:44:35,0.31971,83.400002,1.6,6.86,1.5999999999999996
111381,2022-08-05 17:44:36,0.319924,83.300011,1.6,6.86,1.5999999999999996
111382,2022-08-05 17:44:37,0.319599,83.300011,1.6,6.86,0.6111291818568282
111406,2022-08-05 17:44:58,0.394021,83.099998,1.4,6.85,1.4000000000000004
111407,2022-08-05 17:44:59,0.394605,83.099998,1.4,6.85,1.4000000000000004
111408,2022-08-05 17:45:00,0.395109,83.099998,1.4,6.84,1.4000000000000004
111409,2022-08-05 17:45:01,0.395379,83.099998,1.4,6.84,1.4000000000000004
111410,2022-08-05 17:45:02,0.395291,83.099998,1.4,6.84,1.4000000000000004
111411,2022-08-05 17:45:03,0.396043,83.099998,1.4,6.84,1.4000000000000004
111412,2022-08-05 17:45:04,0.396417,83.000008,1.4,6.84,1.4000000000000004
111413,2022-08-05 17:45:05,0.396775,83.000008,1.4,6.84,1.4000000000000004
111414,2022-08-05 17:45:06,0.396941,83.000008,1.4,6.84,1.4000000000000004
111415,2022-08-05 17:45:07,0.397799,83.000008,1.4,6.84,1.4000000000000004
111416,2022-08-05 17:45:08,0.397813,83.000008,1.4,6.84,1.4000000000000004
111417,2022-08-05 17:45:09,0.398346,82.914444,1.4,6.84,1.4000000000000004
111418,2022-08-05 17:45:10,0.398451,82.900002,1.4,6.71,1.4000000000000004
111419,2022-08-05 17:45:11,0.398311,82.814445,1.4,6.71,1.4000000000000004
111420,2022-08-05 17:45:12,0.398168,82.862,1.4,6.71,1.4000000000000004
111421,2022-08-05 17:45:14,0.399142,82.800003,1.4,6.71,1.4000000000000004
111422,2022-08-05 17:45:15,0.399262,82.800003,1.4,6.71,1.4000000000000004
111423,2022-08-05 17:45:16,0.399295,82.800003,1.4,6.71,1.4000000000000004
111424,2022-08-05 17:45:17,0.399959,82.800003,1.4,6.71,1.4000000000000004
111425,2022-08-05 17:45:18,0.399991,82.800003,1.4,6.71,1.4000000000000004
111426,2022-08-05 17:45:19,0.400063,82.800003,1.4,6.71,1.4000000000000004
111427,2022-08-05 17:45:20,0.399994,82.800003,1.4,6.71,1.4000000000000004
111428,2022-08-05 17:45:21,0.400699,82.700005,1.4,6.64,1.4000000000000004
111429,2022-08-05 17:45:22,0.397632,82.700005,1.4,6.64,1.4000000000000004
111430,2022-08-05 17:45:23,0.40035,82.599998,1.4,6.64,1.4000000000000004
111431,2022-08-05 17:45:24,0.400596,82.599998,1.4,6.64,1.4000000000000004
111432,2022-08-05 17:45:25,0.401846,82.599998,1.4,6.64,1.4000000000000004
111433,2022-08-05 17:45:26,0.401019,82.599998,1.4,6.64,1.4000000000000004
111434,2022-08-05 17:45:27,0.401513,82.599998,1.4,6.64,1.4000000000000004
111435,2022-08-05 17:45:28,0.401625,82.5,1.4,6.64,1.4000000000000004
111436,2022-08-05 17:45:29,0.401415,82.5,1.4,6.64,1.4000000000000004
111437,2022-08-05 17:45:30,0.401903,82.5,1.4,6.64,1.4000000000000004
111438,2022-08-05 17:45:31,0.402008,82.5,1.4,6.62,1.4000000000000004
111439,2022-08-05 17:45:32,0.402084,82.5,1.4,6.62,1.4000000000000004
111440,2022-08-05 17:45:33,0.402432,82.5,1.4,6.62,1.4000000000000004
111441,2022-08-05 17:45:34,0.402407,82.400002,1.4,6.62,1.4000000000000004
111442,2022-08-05 17:45:35,0.402548,82.400002,1.4,6.62,1.4000000000000004
111443,2022-08-05 17:45:36,0.40319,82.400002,1.4,6.62,1.4000000000000004
111444,2022-08-05 17:45:37,0.403196,82.300003,1.4,6.62,1.4000000000000004
111445,2022-08-05 17:45:38,0.402897,82.300003,1.4,6.62,1.4000000000000004
111446,2022-08-05 17:45:39,0.403537,82.300003,1.4,6.62,1.4000000000000004
111447,2022-08-05 17:45:40,0.403402,82.300003,1.4,6.59,1.4000000000000004
111448,2022-08-05 17:45:41,0.403379,82.300003,1.4,6.59,1.4000000000000004
111449,2022-08-05 17:45:42,0.383335,82.300003,1.4,6.59,1.4000000000000004
111450,2022-08-05 17:45:43,0.403724,82.199997,1.4,6.59,1.4000000000000004
111451,2022-08-05 17:45:44,0.404236,82.261993,1.4,6.59,1.4000000000000004
111452,2022-08-05 17:45:45,0.404347,82.199997,1.4,6.59,1.4000000000000004
111453,2022-08-05 17:45:46,0.404054,82.099998,1.4,6.59,1.4000000000000004
111454,2022-08-05 17:45:47,0.404486,82.099998,1.4,6.59,1.4000000000000004
111455,2022-08-05 17:45:48,0.404753,82.099998,1.4,6.59,1.4000000000000004
111456,2022-08-05 17:45:49,0.404534,82.099998,1.4,6.59,1.4000000000000004
111457,2022-08-05 17:45:50,0.404629,82.099998,1.4,6.56,1.4000000000000004
111458,2022-08-05 17:45:51,0.404623,82.099998,1.4,6.56,1.4000000000000004
111459,2022-08-05 17:45:52,0.342385,82.0,1.4,6.56,1.4000000000000004
111460,2022-08-05 17:45:53,0.405024,82.0,1.4,6.56,1.4000000000000004
111461,2022-08-05 17:45:54,0.405226,82.0,1.4,6.56,1.4000000000000004
111462,2022-08-05 17:45:55,0.404759,82.0,1.4,6.56,1.4000000000000004
111463,2022-08-05 17:45:56,0.405372,82.0,1.4,6.56,1.4000000000000004
111464,2022-08-05 17:45:58,0.405592,82.0,1.4,6.56,1.4000000000000004
111465,2022-08-05 17:45:58,0.405592,82.0,1.4,6.56,0.6111291818568282
111486,2022-08-05 17:46:18,0.471848,81.5,1.2,6.52,1.2000000000000002
111487,2022-08-05 17:46:18,0.471848,81.5,1.2,6.52,1.2000000000000002
111488,2022-08-05 17:46:19,0.472349,81.5,1.2,6.52,1.2000000000000002
111489,2022-08-05 17:46:20,0.472538,81.5,1.2,6.56,1.2000000000000002
111490,2022-08-05 17:46:21,0.472572,81.5,1.2,6.56,1.2000000000000002
111491,2022-08-05 17:46:22,0.375118,81.400002,1.2,6.56,1.2000000000000002
111492,2022-08-05 17:46:23,0.47313,81.300003,1.2,6.56,1.2000000000000002
111493,2022-08-05 17:46:24,0.473541,81.400002,1.2,6.56,1.2000000000000002
111494,2022-08-05 17:46:25,0.473549,81.300003,1.2,6.56,1.2000000000000002
111495,2022-08-05 17:46:26,0.474244,81.300003,1.2,6.56,1.2000000000000002
111496,2022-08-05 17:46:27,0.47381,81.300003,1.2,6.56,1.2000000000000002
111497,2022-08-05 17:46:28,0.474454,81.199997,1.2,6.56,1.2000000000000002
111498,2022-08-05 17:46:29,0.474615,81.285561,1.2,6.56,1.2000000000000002
111499,2022-08-05 17:46:30,0.474832,81.099998,1.2,6.45,1.2000000000000002
111500,2022-08-05 17:46:31,0.475075,81.199997,1.2,6.45,1.2000000000000002
111501,2022-08-05 17:46:32,0.39087,81.114441,1.2,6.45,1.2000000000000002
111502,2022-08-05 17:46:33,0.475042,81.099998,1.2,6.45,1.2000000000000002
111503,2022-08-05 17:46:34,0.475731,81.099998,1.2,6.45,1.2000000000000002
111504,2022-08-05 17:46:35,0.475706,81.099998,1.2,6.45,1.2000000000000002
111505,2022-08-05 17:46:36,0.475522,81.0,1.2,6.45,1.2000000000000002
111506,2022-08-05 17:46:37,0.476037,81.0,1.2,6.45,1.2000000000000002
111507,2022-08-05 17:46:38,0.476095,81.0,1.2,6.45,1.2000000000000002
111508,2022-08-05 17:46:39,0.476174,81.0,1.2,6.45,1.2000000000000002
111509,2022-08-05 17:46:40,0.476582,81.0,1.2,6.39,1.2000000000000002
111510,2022-08-05 17:46:41,0.476888,80.900002,1.2,6.39,1.2000000000000002
111511,2022-08-05 17:46:43,0.406494,80.900002,1.2,6.39,1.2000000000000002
111512,2022-08-05 17:46:44,0.47673,80.814445,1.2,6.39,1.2000000000000002
111513,2022-08-05 17:46:45,0.477116,80.800003,1.2,6.39,1.2000000000000002
111514,2022-08-05 17:46:46,0.477041,80.800003,1.2,6.39,1.2000000000000002
111515,2022-08-05 17:46:47,0.477153,80.800003,1.2,6.39,1.2000000000000002
111516,2022-08-05 17:46:48,0.477217,80.800003,1.2,6.39,1.2000000000000002
111517,2022-08-05 17:46:49,0.477387,80.800003,1.2,6.39,1.2000000000000002
111518,2022-08-05 17:46:50,0.477361,80.800003,1.2,6.39,1.2000000000000002
111519,2022-08-05 17:46:51,0.477402,80.699997,1.2,6.39,1.2000000000000002
111520,2022-08-05 17:46:52,0.477779,80.699997,1.2,6.35,1.2000000000000002
111521,2022-08-05 17:46:53,0.470929,80.599998,1.2,6.35,1.2000000000000002
111522,2022-08-05 17:46:54,0.477977,80.599998,1.2,6.35,1.2000000000000002
111523,2022-08-05 17:46:55,0.477864,80.599998,1.2,6.35,1.2000000000000002
111524,2022-08-05 17:46:56,0.478188,80.599998,1.2,6.35,1.2000000000000002
111525,2022-08-05 17:46:57,0.478205,80.5,1.2,6.35,1.2000000000000002
111526,2022-08-05 17:46:58,0.47824,80.599998,1.2,6.35,1.2000000000000002
111527,2022-08-05 17:46:59,0.478791,80.5,1.2,6.35,1.2000000000000002
111528,2022-08-05 17:47:00,0.478702,80.5,1.2,6.35,1.2000000000000002
111529,2022-08-05 17:47:01,0.478553,80.5,1.2,6.31,1.2000000000000002
111530,2022-08-05 17:47:02,0.478989,80.400002,1.2,6.31,1.2000000000000002
111531,2022-08-05 17:47:03,0.478213,80.400002,1.2,6.31,1.2000000000000002
111532,2022-08-05 17:47:04,0.478912,80.400002,1.2,6.31,1.2000000000000002
111533,2022-08-05 17:47:05,0.479068,80.300003,1.2,6.31,1.2000000000000002
111534,2022-08-05 17:47:06,0.479419,80.300003,1.2,6.31,1.2000000000000002
111535,2022-08-05 17:47:07,0.479419,80.300003,1.2,6.31,1.2000000000000002
111536,2022-08-05 17:47:08,0.479757,80.300003,1.2,6.31,1.2000000000000002
111537,2022-08-05 17:47:09,0.479807,80.300003,1.2,6.31,1.2000000000000002
111538,2022-08-05 17:47:10,0.47981,80.300003,1.2,6.3,1.2000000000000002
111539,2022-08-05 17:47:11,0.480106,80.300003,1.2,6.3,1.2000000000000002
111540,2022-08-05 17:47:12,0.47897,80.238007,1.2,6.3,1.2000000000000002
111541,2022-08-05 17:47:13,0.479645,80.099998,1.2,6.3,1.2000000000000002
111542,2022-08-05 17:47:14,0.480073,80.099998,1.2,6.3,1.2000000000000002
111543,2022-08-05 17:47:15,0.481176,80.099998,1.2,6.3,1.2000000000000002
111544,2022-08-05 17:47:16,0.480298,80.099998,1.2,6.3,1.2000000000000002
111545,2022-08-05 17:47:17,0.480429,80.099998,1.2,6.3,1.2000000000000002
111546,2022-08-05 17:47:18,0.480429,80.099998,1.2,6.3,0.6111291818568282
111568,2022-08-05 17:47:38,0.541165,79.699997,1.0,6.26,1.0
111569,2022-08-05 17:47:39,0.541142,79.600006,1.0,6.26,1.0
111570,2022-08-05 17:47:40,0.54128,79.600006,1.0,6.26,1.0
111571,2022-08-05 17:47:41,0.541007,79.600006,1.0,6.34,1.0
111572,2022-08-05 17:47:42,0.539967,79.600006,1.0,6.34,1.0
111573,2022-08-05 17:47:43,0.541178,79.600006,1.0,6.34,1.0
111574,2022-08-05 17:47:44,0.541501,79.53801,1.0,6.34,1.0
111575,2022-08-05 17:47:45,0.541464,79.5,1.0,6.34,1.0
111576,2022-08-05 17:47:46,0.54157,79.5,1.0,6.34,1.0
111577,2022-08-05 17:47:47,0.541744,79.5,1.0,6.34,1.0
111578,2022-08-05 17:47:48,0.541924,79.485558,1.0,6.34,1.0
111579,2022-08-05 17:47:49,0.542076,79.485558,1.0,6.34,1.0
111580,2022-08-05 17:47:50,0.54205,79.400002,1.0,6.34,1.0
111581,2022-08-05 17:47:51,0.542345,79.400002,1.0,6.23,1.0
111582,2022-08-05 17:47:52,0.542745,79.300003,1.0,6.23,1.0
111583,2022-08-05 17:47:53,0.542546,79.300003,1.0,6.23,1.0
111584,2022-08-05 17:47:54,0.542749,79.300003,1.0,6.23,1.0
111585,2022-08-05 17:47:55,0.542774,79.300003,1.0,6.23,1.0
111586,2022-08-05 17:47:56,0.542125,79.214439,1.0,6.23,1.0
111587,2022-08-05 17:47:57,0.542956,79.214439,1.0,6.23,1.0
111588,2022-08-05 17:47:58,0.5426,79.199997,1.0,6.23,1.0
111589,2022-08-05 17:47:59,0.543096,79.099998,1.0,6.23,1.0
111590,2022-08-05 17:48:00,0.543339,79.199997,1.0,6.23,1.0
111591,2022-08-05 17:48:01,0.543236,79.099998,1.0,6.19,1.0
111592,2022-08-05 17:48:02,0.508464,79.099998,1.0,6.19,1.0
111593,2022-08-05 17:48:03,0.543176,79.099998,1.0,6.19,1.0
111594,2022-08-05 17:48:04,0.543492,79.0,1.0,6.19,1.0
111595,2022-08-05 17:48:05,0.543492,79.0,1.0,6.19,1.0
111596,2022-08-05 17:48:06,0.543811,79.0,1.0,6.19,1.0
111597,2022-08-05 17:48:07,0.543935,79.0,1.0,6.19,1.0
111598,2022-08-05 17:48:08,0.543629,78.900002,1.0,6.19,1.0
111599,2022-08-05 17:48:09,0.544392,78.900002,1.0,6.19,1.0
111600,2022-08-05 17:48:10,0.544125,78.800011,1.0,6.15,1.0
111601,2022-08-05 17:48:12,0.472676,78.885559,1.0,6.15,1.0
111602,2022-08-05 17:48:13,0.544248,78.800011,1.0,6.15,1.0
111603,2022-08-05 17:48:14,0.544333,78.800011,1.0,6.15,1.0
111604,2022-08-05 17:48:15,0.54456,78.800011,1.0,6.15,1.0
111605,2022-08-05 17:48:16,0.543587,78.800011,1.0,6.15,1.0
111606,2022-08-05 17:48:17,0.544414,78.800011,1.0,6.15,1.0
111607,2022-08-05 17:48:18,0.544588,78.800011,1.0,6.15,1.0
111608,2022-08-05 17:48:19,0.544701,78.800011,1.0,6.15,1.0
111609,2022-08-05 17:48:20,0.544701,78.699997,1.0,6.15,1.0
111610,2022-08-05 17:48:21,0.544788,78.699997,1.0,6.15,1.0
111611,2022-08-05 17:48:22,0.477856,78.599998,1.0,6.15,1.0
111612,2022-08-05 17:48:23,0.544928,78.599998,1.0,6.15,1.0
111613,2022-08-05 17:48:24,0.545798,78.599998,1.0,6.15,1.0
111614,2022-08-05 17:48:25,0.545032,78.599998,1.0,6.15,1.0
111615,2022-08-05 17:48:26,0.545415,78.53801,1.0,6.15,1.0
111616,2022-08-05 17:48:27,0.545282,78.500008,1.0,6.15,1.0
111617,2022-08-05 17:48:28,0.545424,78.585556,1.0,6.15,1.0
111618,2022-08-05 17:48:29,0.545279,78.500008,1.0,6.15,1.0
111619,2022-08-05 17:48:30,0.545513,78.500008,1.0,6.15,1.0
111620,2022-08-05 17:48:31,0.545571,78.500008,1.0,6.15,1.0
111621,2022-08-05 17:48:32,0.545598,78.500008,1.0,6.12,1.0
111622,2022-08-05 17:48:33,0.545599,78.500008,1.0,6.12,1.0
111623,2022-08-05 17:48:34,0.545834,78.500008,1.0,6.12,1.0
111624,2022-08-05 17:48:35,0.545798,78.500008,1.0,6.12,1.0
111625,2022-08-05 17:48:36,0.545764,78.400002,1.0,6.12,1.0
111626,2022-08-05 17:48:37,0.545869,78.300003,1.0,6.12,1.0
111627,2022-08-05 17:48:38,0.545757,78.400002,1.0,6.12,0.6111291818568282
111650,2022-08-05 17:48:59,0.605361,78.014442,0.8,6.09,0.7999999999999998
111651,2022-08-05 17:49:00,0.605256,78.099998,0.8,6.09,0.7999999999999998
111652,2022-08-05 17:49:01,0.605135,78.0,0.8,6.09,0.7999999999999998
111653,2022-08-05 17:49:02,0.523701,78.0,0.8,6.09,0.7999999999999998
111654,2022-08-05 17:49:03,0.523701,78.0,0.8,6.09,0.7999999999999998
111655,2022-08-05 17:49:04,0.604872,78.0,0.8,6.09,0.7999999999999998
111656,2022-08-05 17:49:05,0.604873,78.0,0.8,6.09,0.7999999999999998
111657,2022-08-05 17:49:06,0.604969,77.900002,0.8,6.09,0.7999999999999998
111658,2022-08-05 17:49:07,0.604856,77.900002,0.8,6.09,0.7999999999999998
111659,2022-08-05 17:49:08,0.604943,77.838013,0.8,6.09,0.7999999999999998
111660,2022-08-05 17:49:09,0.604909,77.800003,0.8,6.09,0.7999999999999998
111661,2022-08-05 17:49:10,0.605213,77.900002,0.8,6.09,0.7999999999999998
111662,2022-08-05 17:49:11,0.605109,77.838013,0.8,6.1,0.7999999999999998
111663,2022-08-05 17:49:12,0.605046,77.800003,0.8,6.1,0.7999999999999998
111664,2022-08-05 17:49:13,0.605293,77.800003,0.8,6.1,0.7999999999999998
111665,2022-08-05 17:49:14,0.605072,77.800003,0.8,6.1,0.7999999999999998
111666,2022-08-05 17:49:15,0.605475,77.800003,0.8,6.1,0.7999999999999998
111667,2022-08-05 17:49:16,0.605197,77.800003,0.8,6.1,0.7999999999999998
111668,2022-08-05 17:49:17,0.605361,77.714439,0.8,6.1,0.7999999999999998
111669,2022-08-05 17:49:18,0.605465,77.699997,0.8,6.1,0.7999999999999998
111670,2022-08-05 17:49:19,0.605276,77.785561,0.8,6.1,0.7999999999999998
111671,2022-08-05 17:49:20,0.605466,77.699997,0.8,6.1,0.7999999999999998
111672,2022-08-05 17:49:21,0.605536,77.699997,0.8,6.1,0.7999999999999998
111673,2022-08-05 17:49:22,0.558844,77.638008,0.8,6.1,0.7999999999999998
111674,2022-08-05 17:49:23,0.604769,77.699997,0.8,6.1,0.7999999999999998
111675,2022-08-05 17:49:24,0.605623,77.599998,0.8,6.1,0.7999999999999998
111676,2022-08-05 17:49:25,0.605606,77.599998,0.8,6.1,0.7999999999999998
111677,2022-08-05 17:49:26,0.605181,77.599998,0.8,6.1,0.7999999999999998
111678,2022-08-05 17:49:27,0.605615,77.599998,0.8,6.1,0.7999999999999998
111679,2022-08-05 17:49:28,0.605632,77.599998,0.8,6.1,0.7999999999999998
111680,2022-08-05 17:49:29,0.605692,77.599998,0.8,6.1,0.7999999999999998
111681,2022-08-05 17:49:30,0.605719,77.599998,0.8,6.05,0.7999999999999998
111682,2022-08-05 17:49:31,0.605788,77.599998,0.8,6.05,0.7999999999999998
111683,2022-08-05 17:49:32,0.587173,77.5,0.8,6.05,0.7999999999999998
111684,2022-08-05 17:49:33,0.605859,77.5,0.8,6.05,0.7999999999999998
111685,2022-08-05 17:49:34,0.605745,77.5,0.8,6.05,0.7999999999999998
111686,2022-08-05 17:49:35,0.605787,77.5,0.8,6.05,0.7999999999999998
111687,2022-08-05 17:49:36,0.605815,77.5,0.8,6.05,0.7999999999999998
111688,2022-08-05 17:49:37,0.605972,77.5,0.8,6.05,0.7999999999999998
111689,2022-08-05 17:49:38,0.606255,77.5,0.8,6.05,0.7999999999999998
111690,2022-08-05 17:49:39,0.606409,77.5,0.8,6.05,0.7999999999999998
111691,2022-08-05 17:49:41,0.605059,77.5,0.8,6.05,0.7999999999999998
111692,2022-08-05 17:49:42,0.606797,77.5,0.8,6.04,0.7999999999999998
111693,2022-08-05 17:49:43,0.600852,77.5,0.8,6.04,0.7999999999999998
111694,2022-08-05 17:49:44,0.605642,77.5,0.8,6.04,0.7999999999999998
111695,2022-08-05 17:49:45,0.605576,77.5,0.8,6.04,0.7999999999999998
111696,2022-08-05 17:49:46,0.606495,77.5,0.8,6.04,0.7999999999999998
111697,2022-08-05 17:49:47,0.606051,77.400009,0.8,6.04,0.7999999999999998
111698,2022-08-05 17:49:48,0.605921,77.400009,0.8,6.04,0.7999999999999998
111699,2022-08-05 17:49:49,0.606041,77.400009,0.8,6.04,0.7999999999999998
111700,2022-08-05 17:49:50,0.606067,77.400009,0.8,6.04,0.7999999999999998
111701,2022-08-05 17:49:51,0.606102,77.362,0.8,6.04,0.7999999999999998
111702,2022-08-05 17:49:52,0.606164,77.400009,0.8,6.03,0.7999999999999998
111703,2022-08-05 17:49:53,0.600704,77.362,0.8,6.03,0.7999999999999998
111704,2022-08-05 17:49:54,0.606094,77.300003,0.8,6.03,0.7999999999999998
111705,2022-08-05 17:49:55,0.606313,77.300003,0.8,6.03,0.7999999999999998
111706,2022-08-05 17:49:56,0.606433,77.300003,0.8,6.03,0.7999999999999998
111707,2022-08-05 17:49:57,0.606235,77.300003,0.8,6.03,0.7999999999999998
111708,2022-08-05 17:49:58,0.606478,77.300003,0.8,6.03,0.7999999999999998
111709,2022-08-05 17:49:58,0.606479,77.300003,0.8,6.03,0.6111291818568282
111735,2022-08-05 17:50:21,0.665647,77.199997,0.6,6.13,0.6000000000000001
111736,2022-08-05 17:50:21,0.661878,77.100006,0.6,6.13,0.6000000000000001
111737,2022-08-05 17:50:22,0.665308,77.100006,0.6,6.13,0.6000000000000001
111738,2022-08-05 17:50:23,0.664924,77.100006,0.6,6.13,0.6000000000000001
111739,2022-08-05 17:50:25,0.665282,77.100006,0.6,6.13,0.6000000000000001
111740,2022-08-05 17:50:26,0.665107,77.161995,0.6,6.13,0.6000000000000001
111741,2022-08-05 17:50:27,0.66501,77.199997,0.6,6.13,0.6000000000000001
111742,2022-08-05 17:50:28,0.665064,77.100006,0.6,6.13,0.6000000000000001
111743,2022-08-05 17:50:29,0.665108,77.100006,0.6,6.13,0.6000000000000001
111744,2022-08-05 17:50:30,0.664836,77.100006,0.6,6.13,0.6000000000000001
111745,2022-08-05 17:50:31,0.664706,77.100006,0.6,6.07,0.6000000000000001
111746,2022-08-05 17:50:32,0.642925,77.100006,0.6,6.07,0.6000000000000001
111747,2022-08-05 17:50:33,0.664856,77.100006,0.6,6.07,0.6000000000000001
111748,2022-08-05 17:50:34,0.664732,77.100006,0.6,6.07,0.6000000000000001
111749,2022-08-05 17:50:35,0.664741,77.100006,0.6,6.07,0.6000000000000001
111750,2022-08-05 17:50:36,0.664879,77.100006,0.6,6.07,0.6000000000000001
111751,2022-08-05 17:50:37,0.66475,77.100006,0.6,6.07,0.6000000000000001
111752,2022-08-05 17:50:38,0.664776,77.100006,0.6,6.07,0.6000000000000001
111753,2022-08-05 17:50:39,0.664941,77.100006,0.6,6.07,0.6000000000000001
111754,2022-08-05 17:50:40,0.664959,77.085564,0.6,6.07,0.6000000000000001
111755,2022-08-05 17:50:41,0.664828,77.085564,0.6,6.05,0.6000000000000001
111756,2022-08-05 17:50:42,0.644326,77.100006,0.6,6.05,0.6000000000000001
111757,2022-08-05 17:50:43,0.66475,77.0,0.6,6.05,0.6000000000000001
111758,2022-08-05 17:50:44,0.664707,77.0,0.6,6.05,0.6000000000000001
111759,2022-08-05 17:50:45,0.66475,77.0,0.6,6.05,0.6000000000000001
111760,2022-08-05 17:50:46,0.664706,77.0,0.6,6.05,0.6000000000000001
111761,2022-08-05 17:50:47,0.66462,77.0,0.6,6.05,0.6000000000000001
111762,2022-08-05 17:50:48,0.664785,77.0,0.6,6.05,0.6000000000000001
111763,2022-08-05 17:50:49,0.664791,77.0,0.6,6.05,0.6000000000000001
111764,2022-08-05 17:50:50,0.664593,77.0,0.6,6.05,0.6000000000000001
111765,2022-08-05 17:50:51,0.664556,77.0,0.6,6.03,0.6000000000000001
111766,2022-08-05 17:50:52,0.606108,77.0,0.6,6.03,0.6000000000000001
111767,2022-08-05 17:50:53,0.664792,77.0,0.6,6.03,0.6000000000000001
111768,2022-08-05 17:50:54,0.664759,77.0,0.6,6.03,0.6000000000000001
111769,2022-08-05 17:50:55,0.664627,77.0,0.6,6.03,0.6000000000000001
111770,2022-08-05 17:50:56,0.66448,77.0,0.6,6.03,0.6000000000000001
111771,2022-08-05 17:50:57,0.664679,77.0,0.6,6.03,0.6000000000000001
111772,2022-08-05 17:50:58,0.664592,77.0,0.6,6.03,0.6000000000000001
111773,2022-08-05 17:50:59,0.664444,77.0,0.6,6.03,0.6000000000000001
111774,2022-08-05 17:51:00,0.664383,77.0,0.6,6.03,0.6000000000000001
111775,2022-08-05 17:51:01,0.664653,77.0,0.6,6.05,0.6000000000000001
111776,2022-08-05 17:51:02,0.664567,77.0,0.6,6.05,0.6000000000000001
111777,2022-08-05 17:51:03,0.664706,77.0,0.6,6.05,0.6000000000000001
111778,2022-08-05 17:51:04,0.664793,77.0,0.6,6.05,0.6000000000000001
111779,2022-08-05 17:51:05,0.66454,77.0,0.6,6.05,0.6000000000000001
111780,2022-08-05 17:51:06,0.664436,77.0,0.6,6.05,0.6000000000000001
111781,2022-08-05 17:51:07,0.664392,77.0,0.6,6.05,0.6000000000000001
111782,2022-08-05 17:51:08,0.664471,77.0,0.6,6.05,0.6000000000000001
111783,2022-08-05 17:51:10,0.664496,77.0,0.6,6.05,0.6000000000000001
111784,2022-08-05 17:51:11,0.664357,77.0,0.6,6.05,0.6000000000000001
111785,2022-08-05 17:51:12,0.664566,77.0,0.6,6.05,0.6000000000000001
111786,2022-08-05 17:51:13,0.664409,77.0,0.6,6.05,0.6000000000000001
111787,2022-08-05 17:51:14,0.664297,77.0,0.6,6.05,0.6000000000000001
111788,2022-08-05 17:51:15,0.664409,77.0,0.6,6.05,0.6000000000000001
111789,2022-08-05 17:51:16,0.664279,77.0,0.6,6.05,0.6000000000000001
111790,2022-08-05 17:51:17,0.664426,77.0,0.6,6.05,0.6000000000000001
111791,2022-08-05 17:51:18,0.664409,77.0,0.6,6.05,0.6000000000000001
111792,2022-08-05 17:51:19,0.664383,77.0,0.6,6.05,0.6000000000000001
111793,2022-08-05 17:51:20,0.664427,77.0,0.6,6.05,0.6000000000000001
111794,2022-08-05 17:51:21,0.664436,77.0,0.6,6.01,0.6000000000000001
111795,2022-08-05 17:51:21,0.664436,77.0,0.6,6.01,0.6111291818568282
111816,2022-08-05 17:51:41,0.695338,77.0,0.5,6.02,0.5
111817,2022-08-05 17:51:41,0.695338,77.0,0.5,6.02,0.5
111818,2022-08-05 17:51:42,0.628054,77.0,0.5,6.02,0.5
111819,2022-08-05 17:51:43,0.695146,77.0,0.5,6.02,0.5
111820,2022-08-05 17:51:44,0.695032,77.0,0.5,6.02,0.5
111821,2022-08-05 17:51:45,0.694615,77.0,0.5,6.02,0.5
111822,2022-08-05 17:51:46,0.694963,77.0,0.5,6.02,0.5
111823,2022-08-05 17:51:47,0.69491,77.0,0.5,6.02,0.5
111824,2022-08-05 17:51:48,0.694832,77.0,0.5,6.02,0.5
111825,2022-08-05 17:51:49,0.694823,77.0,0.5,6.02,0.5
111826,2022-08-05 17:51:50,0.694676,77.0,0.5,6.06,0.5
111827,2022-08-05 17:51:51,0.69485,77.0,0.5,6.06,0.5
111828,2022-08-05 17:51:52,0.65698,77.0,0.5,6.06,0.5
111829,2022-08-05 17:51:54,0.694649,77.0,0.5,6.06,0.5
111830,2022-08-05 17:51:55,0.694622,77.0,0.5,6.06,0.5
111831,2022-08-05 17:51:56,0.694457,77.0,0.5,6.06,0.5
111832,2022-08-05 17:51:57,0.694727,77.0,0.5,6.06,0.5
111833,2022-08-05 17:51:58,0.694273,77.0,0.5,6.06,0.5
111834,2022-08-05 17:51:59,0.694561,77.0,0.5,6.06,0.5
111835,2022-08-05 17:52:00,0.694361,77.0,0.5,6.06,0.5
111836,2022-08-05 17:52:01,0.694231,77.0,0.5,6.06,0.5
111837,2022-08-05 17:52:02,0.69438,77.0,0.5,6.06,0.5
111838,2022-08-05 17:52:03,0.674504,77.0,0.5,6.06,0.5
111839,2022-08-05 17:52:04,0.694056,77.0,0.5,6.06,0.5
111840,2022-08-05 17:52:05,0.694292,77.0,0.5,6.06,0.5
111841,2022-08-05 17:52:06,0.694229,77.100006,0.5,6.06,0.5
111842,2022-08-05 17:52:07,0.69409,77.014442,0.5,6.06,0.5
111843,2022-08-05 17:52:08,0.694239,77.100006,0.5,6.06,0.5
111844,2022-08-05 17:52:09,0.694143,77.100006,0.5,6.06,0.5
111845,2022-08-05 17:52:10,0.693944,77.085564,0.5,6.06,0.5
111846,2022-08-05 17:52:11,0.694248,77.100006,0.5,6.06,0.5
111847,2022-08-05 17:52:12,0.694152,77.100006,0.5,6.07,0.5
111848,2022-08-05 17:52:13,0.694316,77.100006,0.5,6.07,0.5
111849,2022-08-05 17:52:14,0.694186,77.100006,0.5,6.07,0.5
111850,2022-08-05 17:52:15,0.694074,77.100006,0.5,6.07,0.5
111851,2022-08-05 17:52:16,0.693977,77.100006,0.5,6.07,0.5
111852,2022-08-05 17:52:17,0.694143,77.100006,0.5,6.07,0.5
111853,2022-08-05 17:52:18,0.693978,77.100006,0.5,6.07,0.5
111854,2022-08-05 17:52:19,0.693924,77.100006,0.5,6.07,0.5
111855,2022-08-05 17:52:20,0.694047,77.100006,0.5,6.07,0.5
111856,2022-08-05 17:52:21,0.694021,77.100006,0.5,6.07,0.5
111857,2022-08-05 17:52:22,0.690945,77.100006,0.5,6.07,0.5
111858,2022-08-05 17:52:23,0.693863,77.100006,0.5,6.07,0.5
111859,2022-08-05 17:52:24,0.69389,77.100006,0.5,6.07,0.5
111860,2022-08-05 17:52:25,0.694046,77.100006,0.5,6.07,0.5
111861,2022-08-05 17:52:26,0.693873,77.100006,0.5,6.07,0.5
111862,2022-08-05 17:52:27,0.693934,77.185555,0.5,6.07,0.5
111863,2022-08-05 17:52:28,0.69389,77.100006,0.5,6.07,0.5
111864,2022-08-05 17:52:29,0.69389,77.100006,0.5,6.07,0.5
111865,2022-08-05 17:52:30,0.693943,77.100006,0.5,6.07,0.5
111866,2022-08-05 17:52:31,0.693838,77.100006,0.5,6.06,0.5
111867,2022-08-05 17:52:32,0.693603,77.100006,0.5,6.06,0.5
111868,2022-08-05 17:52:33,0.693793,77.185555,0.5,6.06,0.5
111869,2022-08-05 17:52:34,0.693794,77.199997,0.5,6.06,0.5
111870,2022-08-05 17:52:35,0.693794,77.199997,0.5,6.06,0.5
111871,2022-08-05 17:52:36,0.693847,77.285561,0.5,6.06,0.5
111872,2022-08-05 17:52:37,0.69389,77.199997,0.5,6.06,0.5
111873,2022-08-05 17:52:39,0.693881,77.199997,0.5,6.06,0.5
111874,2022-08-05 17:52:40,0.693524,77.300003,0.5,6.06,0.5
111875,2022-08-05 17:52:41,0.693706,77.300003,0.5,6.06,0.6111291818568282
111899,2022-08-05 17:53:02,0.725585,77.400009,0.4,6.13,0.3999999999999999
111900,2022-08-05 17:53:03,0.725219,77.400009,0.4,6.13,0.3999999999999999
111901,2022-08-05 17:53:04,0.725078,77.400009,0.4,6.13,0.3999999999999999
111902,2022-08-05 17:53:05,0.725358,77.5,0.4,6.13,0.3999999999999999
111903,2022-08-05 17:53:06,0.724862,77.5,0.4,6.13,0.3999999999999999
111904,2022-08-05 17:53:07,0.724862,77.5,0.4,6.13,0.3999999999999999
111905,2022-08-05 17:53:08,0.724896,77.5,0.4,6.13,0.3999999999999999
111906,2022-08-05 17:53:09,0.724775,77.5,0.4,6.13,0.3999999999999999
111907,2022-08-05 17:53:10,0.724609,77.5,0.4,6.08,0.3999999999999999
111908,2022-08-05 17:53:11,0.724669,77.5,0.4,6.08,0.3999999999999999
111909,2022-08-05 17:53:12,0.724713,77.5,0.4,6.08,0.3999999999999999
111910,2022-08-05 17:53:13,0.724678,77.5,0.4,6.08,0.3999999999999999
111911,2022-08-05 17:53:14,0.724609,77.599998,0.4,6.08,0.3999999999999999
111912,2022-08-05 17:53:15,0.724705,77.599998,0.4,6.08,0.3999999999999999
111913,2022-08-05 17:53:16,0.724582,77.599998,0.4,6.08,0.3999999999999999
111914,2022-08-05 17:53:17,0.724653,77.5,0.4,6.08,0.3999999999999999
111915,2022-08-05 17:53:18,0.724538,77.5,0.4,6.08,0.3999999999999999
111916,2022-08-05 17:53:19,0.724522,77.5,0.4,6.08,0.3999999999999999
111917,2022-08-05 17:53:20,0.724679,77.599998,0.4,6.04,0.3999999999999999
111918,2022-08-05 17:53:21,0.721542,77.599998,0.4,6.04,0.3999999999999999
111919,2022-08-05 17:53:23,0.724565,77.599998,0.4,6.04,0.3999999999999999
111920,2022-08-05 17:53:24,0.724513,77.599998,0.4,6.04,0.3999999999999999
111921,2022-08-05 17:53:25,0.724513,77.599998,0.4,6.04,0.3999999999999999
111922,2022-08-05 17:53:26,0.724539,77.599998,0.4,6.04,0.3999999999999999
111923,2022-08-05 17:53:27,0.724556,77.599998,0.4,6.04,0.3999999999999999
111924,2022-08-05 17:53:28,0.724486,77.599998,0.4,6.04,0.3999999999999999
111925,2022-08-05 17:53:29,0.72447,77.599998,0.4,6.04,0.3999999999999999
111926,2022-08-05 17:53:30,0.724538,77.599998,0.4,6.04,0.3999999999999999
111927,2022-08-05 17:53:31,0.724426,77.599998,0.4,6.02,0.3999999999999999
111928,2022-08-05 17:53:32,0.703711,77.599998,0.4,6.02,0.3999999999999999
111929,2022-08-05 17:53:33,0.724425,77.599998,0.4,6.02,0.3999999999999999
111930,2022-08-05 17:53:34,0.724452,77.699997,0.4,6.02,0.3999999999999999
111931,2022-08-05 17:53:35,0.724357,77.599998,0.4,6.02,0.3999999999999999
111932,2022-08-05 17:53:36,0.724452,77.699997,0.4,6.02,0.3999999999999999
111933,2022-08-05 17:53:37,0.724529,77.699997,0.4,6.02,0.3999999999999999
111934,2022-08-05 17:53:38,0.724556,77.699997,0.4,6.02,0.3999999999999999
111935,2022-08-05 17:53:39,0.724513,77.699997,0.4,6.02,0.3999999999999999
111936,2022-08-05 17:53:40,0.724513,77.714439,0.4,6.04,0.3999999999999999
111937,2022-08-05 17:53:41,0.7244,77.714439,0.4,6.04,0.3999999999999999
111938,2022-08-05 17:53:42,0.705651,77.800003,0.4,6.04,0.3999999999999999
111939,2022-08-05 17:53:43,0.724312,77.800003,0.4,6.04,0.3999999999999999
111940,2022-08-05 17:53:44,0.724355,77.800003,0.4,6.04,0.3999999999999999
111941,2022-08-05 17:53:45,0.724417,77.800003,0.4,6.04,0.3999999999999999
111942,2022-08-05 17:53:46,0.724417,77.800003,0.4,6.04,0.3999999999999999
111943,2022-08-05 17:53:47,0.724356,77.800003,0.4,6.04,0.3999999999999999
111944,2022-08-05 17:53:48,0.724313,77.800003,0.4,6.04,0.3999999999999999
111945,2022-08-05 17:53:49,0.72433,77.800003,0.4,6.04,0.3999999999999999
111946,2022-08-05 17:53:50,0.724277,77.900002,0.4,6.04,0.3999999999999999
111947,2022-08-05 17:53:51,0.724313,77.900002,0.4,6.04,0.3999999999999999
111948,2022-08-05 17:53:52,0.724426,77.800003,0.4,6.04,0.3999999999999999
111949,2022-08-05 17:53:53,0.724356,77.800003,0.4,6.04,0.3999999999999999
111950,2022-08-05 17:53:54,0.72433,77.900002,0.4,6.04,0.3999999999999999
111951,2022-08-05 17:53:55,0.724215,77.900002,0.4,6.04,0.3999999999999999
111952,2022-08-05 17:53:56,0.724443,77.900002,0.4,6.04,0.3999999999999999
111953,2022-08-05 17:53:57,0.72439,77.900002,0.4,6.04,0.3999999999999999
111954,2022-08-05 17:53:58,0.724417,77.900002,0.4,6.04,0.3999999999999999
111955,2022-08-05 17:53:59,0.724252,78.0,0.4,6.04,0.3999999999999999
111956,2022-08-05 17:54:00,0.724346,77.900002,0.4,6.04,0.3999999999999999
111957,2022-08-05 17:54:01,0.724303,78.0,0.4,6.04,0.3999999999999999
111958,2022-08-05 17:54:02,0.660202,78.0,0.4,6.04,0.6111291818568282
111979,2022-08-05 17:54:22,0.704731,78.200005,0.3,6.06,0.30000000000000004
111980,2022-08-05 17:54:22,0.704731,78.200005,0.3,6.06,0.30000000000000004
111981,2022-08-05 17:54:23,0.759147,78.200005,0.3,6.06,0.30000000000000004
111982,2022-08-05 17:54:24,0.758989,78.200005,0.3,6.06,0.30000000000000004
111983,2022-08-05 17:54:25,0.758936,78.300003,0.3,6.06,0.30000000000000004
111984,2022-08-05 17:54:26,0.758736,78.200005,0.3,6.06,0.30000000000000004
111985,2022-08-05 17:54:27,0.758709,78.200005,0.3,6.06,0.30000000000000004
111986,2022-08-05 17:54:28,0.758318,78.200005,0.3,6.06,0.30000000000000004
111987,2022-08-05 17:54:29,0.758517,78.300003,0.3,6.06,0.30000000000000004
111988,2022-08-05 17:54:30,0.758231,78.300003,0.3,6.14,0.30000000000000004
111989,2022-08-05 17:54:31,0.758144,78.300003,0.3,6.14,0.30000000000000004
111990,2022-08-05 17:54:32,0.704179,78.300003,0.3,6.14,0.30000000000000004
111991,2022-08-05 17:54:33,0.758135,78.300003,0.3,6.14,0.30000000000000004
111992,2022-08-05 17:54:34,0.757926,78.300003,0.3,6.14,0.30000000000000004
111993,2022-08-05 17:54:35,0.757978,78.300003,0.3,6.14,0.30000000000000004
111994,2022-08-05 17:54:36,0.757995,78.300003,0.3,6.14,0.30000000000000004
111995,2022-08-05 17:54:37,0.757725,78.314445,0.3,6.14,0.30000000000000004
111996,2022-08-05 17:54:38,0.757707,78.400002,0.3,6.14,0.30000000000000004
111997,2022-08-05 17:54:39,0.757638,78.300003,0.3,6.14,0.30000000000000004
111998,2022-08-05 17:54:40,0.757882,78.362,0.3,6.14,0.30000000000000004
111999,2022-08-05 17:54:41,0.757795,78.376022,0.3,6.14,0.30000000000000004
112000,2022-08-05 17:54:42,0.757629,78.400002,0.3,6.14,0.30000000000000004
112001,2022-08-05 17:54:43,0.757629,78.400002,0.3,6.12,0.30000000000000004
112002,2022-08-05 17:54:44,0.757595,78.500008,0.3,6.12,0.30000000000000004
112003,2022-08-05 17:54:45,0.757542,78.500008,0.3,6.12,0.30000000000000004
112004,2022-08-05 17:54:46,0.757542,78.500008,0.3,6.12,0.30000000000000004
112005,2022-08-05 17:54:47,0.757542,78.500008,0.3,6.12,0.30000000000000004
112006,2022-08-05 17:54:48,0.757542,78.500008,0.3,6.12,0.30000000000000004
112007,2022-08-05 17:54:49,0.757585,78.500008,0.3,6.12,0.30000000000000004
112008,2022-08-05 17:54:50,0.757419,78.500008,0.3,6.12,0.30000000000000004
112009,2022-08-05 17:54:52,0.757211,78.500008,0.3,6.12,0.30000000000000004
112010,2022-08-05 17:54:53,0.720756,78.500008,0.3,6.12,0.30000000000000004
112011,2022-08-05 17:54:54,0.757359,78.599998,0.3,6.12,0.30000000000000004
112012,2022-08-05 17:54:55,0.757498,78.500008,0.3,6.12,0.30000000000000004
112013,2022-08-05 17:54:56,0.757079,78.500008,0.3,6.12,0.30000000000000004
112014,2022-08-05 17:54:57,0.757333,78.599998,0.3,6.12,0.30000000000000004
112015,2022-08-05 17:54:58,0.757472,78.599998,0.3,6.12,0.30000000000000004
112016,2022-08-05 17:54:59,0.757158,78.599998,0.3,6.12,0.30000000000000004
112017,2022-08-05 17:55:00,0.757132,78.599998,0.3,6.12,0.30000000000000004
112018,2022-08-05 17:55:01,0.757122,78.599998,0.3,6.12,0.30000000000000004
112019,2022-08-05 17:55:02,0.757098,78.599998,0.3,6.11,0.30000000000000004
112020,2022-08-05 17:55:03,0.740785,78.599998,0.3,6.11,0.30000000000000004
112021,2022-08-05 17:55:04,0.757045,78.599998,0.3,6.11,0.30000000000000004
112022,2022-08-05 17:55:05,0.757175,78.699997,0.3,6.11,0.30000000000000004
112023,2022-08-05 17:55:06,0.75708,78.699997,0.3,6.11,0.30000000000000004
112024,2022-08-05 17:55:07,0.756975,78.599998,0.3,6.11,0.30000000000000004
112025,2022-08-05 17:55:08,0.757079,78.762001,0.3,6.11,0.30000000000000004
112026,2022-08-05 17:55:09,0.757036,78.785568,0.3,6.11,0.30000000000000004
112027,2022-08-05 17:55:10,0.757037,78.800011,0.3,6.11,0.30000000000000004
112028,2022-08-05 17:55:11,0.756923,78.800011,0.3,6.13,0.30000000000000004
112029,2022-08-05 17:55:12,0.753219,78.800011,0.3,6.13,0.30000000000000004
112030,2022-08-05 17:55:13,0.756783,78.800011,0.3,6.13,0.30000000000000004
112031,2022-08-05 17:55:14,0.756905,78.800011,0.3,6.13,0.30000000000000004
112032,2022-08-05 17:55:15,0.75687,78.800011,0.3,6.13,0.30000000000000004
112033,2022-08-05 17:55:16,0.756922,78.800011,0.3,6.13,0.30000000000000004
112034,2022-08-05 17:55:17,0.756853,78.800011,0.3,6.13,0.30000000000000004
112035,2022-08-05 17:55:18,0.756706,78.900002,0.3,6.13,0.30000000000000004
112036,2022-08-05 17:55:19,0.756879,78.800011,0.3,6.13,0.30000000000000004
112037,2022-08-05 17:55:20,0.75687,78.800011,0.3,6.14,0.30000000000000004
112038,2022-08-05 17:55:21,0.756837,78.900002,0.3,6.14,0.30000000000000004
112039,2022-08-05 17:55:22,0.756837,78.900002,0.3,6.14,0.6111291818568282
112065,2022-08-05 17:55:44,0.79344,79.300003,0.2,6.16,0.19999999999999996
112066,2022-08-05 17:55:45,0.79344,79.300003,0.2,6.16,0.19999999999999996
112067,2022-08-05 17:55:46,0.793308,79.300003,0.2,6.16,0.19999999999999996
112068,2022-08-05 17:55:47,0.793135,79.199997,0.2,6.16,0.19999999999999996
112069,2022-08-05 17:55:48,0.792839,79.238007,0.2,6.16,0.19999999999999996
112070,2022-08-05 17:55:49,0.792612,79.285561,0.2,6.16,0.19999999999999996
112071,2022-08-05 17:55:50,0.792516,79.300003,0.2,6.16,0.19999999999999996
112072,2022-08-05 17:55:51,0.792436,79.300003,0.2,6.16,0.19999999999999996
112073,2022-08-05 17:55:52,0.792245,79.300003,0.2,6.16,0.19999999999999996
112074,2022-08-05 17:55:53,0.791923,79.300003,0.2,6.16,0.19999999999999996
112075,2022-08-05 17:55:54,0.791975,79.300003,0.2,6.16,0.19999999999999996
112076,2022-08-05 17:55:55,0.791783,79.300003,0.2,6.16,0.19999999999999996
112077,2022-08-05 17:55:56,0.791836,79.300003,0.2,6.16,0.19999999999999996
112078,2022-08-05 17:55:57,0.79187,79.400002,0.2,6.16,0.19999999999999996
112079,2022-08-05 17:55:58,0.791784,79.300003,0.2,6.16,0.19999999999999996
112080,2022-08-05 17:55:59,0.79186,79.400002,0.2,6.16,0.19999999999999996
112081,2022-08-05 17:56:00,0.791617,79.414444,0.2,6.16,0.19999999999999996
112082,2022-08-05 17:56:01,0.7916,79.400002,0.2,6.23,0.19999999999999996
112083,2022-08-05 17:56:02,0.791557,79.400002,0.2,6.23,0.19999999999999996
112084,2022-08-05 17:56:03,0.791234,79.5,0.2,6.23,0.19999999999999996
112085,2022-08-05 17:56:04,0.791418,79.5,0.2,6.23,0.19999999999999996
112086,2022-08-05 17:56:05,0.791303,79.5,0.2,6.23,0.19999999999999996
112087,2022-08-05 17:56:06,0.791434,79.5,0.2,6.23,0.19999999999999996
112088,2022-08-05 17:56:07,0.791287,79.5,0.2,6.23,0.19999999999999996
112089,2022-08-05 17:56:08,0.791304,79.5,0.2,6.23,0.19999999999999996
112090,2022-08-05 17:56:09,0.791304,79.5,0.2,6.23,0.19999999999999996
112091,2022-08-05 17:56:10,0.791146,79.600006,0.2,6.23,0.19999999999999996
112092,2022-08-05 17:56:11,0.79125,79.600006,0.2,6.23,0.19999999999999996
112093,2022-08-05 17:56:12,0.791076,79.600006,0.2,6.23,0.19999999999999996
112094,2022-08-05 17:56:13,0.791077,79.600006,0.2,6.23,0.19999999999999996
112095,2022-08-05 17:56:14,0.791104,79.600006,0.2,6.23,0.19999999999999996
112096,2022-08-05 17:56:15,0.791095,79.600006,0.2,6.23,0.19999999999999996
112097,2022-08-05 17:56:16,0.791164,79.600006,0.2,6.23,0.19999999999999996
112098,2022-08-05 17:56:17,0.790894,79.600006,0.2,6.23,0.19999999999999996
112099,2022-08-05 17:56:18,0.791051,79.600006,0.2,6.23,0.19999999999999996
112100,2022-08-05 17:56:19,0.791008,79.685562,0.2,6.23,0.19999999999999996
112101,2022-08-05 17:56:21,0.790937,79.699997,0.2,6.24,0.19999999999999996
112102,2022-08-05 17:56:22,0.768595,79.699997,0.2,6.24,0.19999999999999996
112103,2022-08-05 17:56:23,0.790911,79.699997,0.2,6.24,0.19999999999999996
112104,2022-08-05 17:56:24,0.791051,79.800003,0.2,6.24,0.19999999999999996
112105,2022-08-05 17:56:25,0.790964,79.699997,0.2,6.24,0.19999999999999996
112106,2022-08-05 17:56:26,0.790667,79.800003,0.2,6.24,0.19999999999999996
112107,2022-08-05 17:56:27,0.790894,79.800003,0.2,6.24,0.19999999999999996
112108,2022-08-05 17:56:28,0.791007,79.800003,0.2,6.24,0.19999999999999996
112109,2022-08-05 17:56:29,0.790998,79.800003,0.2,6.24,0.19999999999999996
112110,2022-08-05 17:56:30,0.790808,79.800003,0.2,6.24,0.19999999999999996
112111,2022-08-05 17:56:31,0.790868,79.800003,0.2,6.26,0.19999999999999996
112112,2022-08-05 17:56:32,0.752683,79.838013,0.2,6.26,0.19999999999999996
112113,2022-08-05 17:56:33,0.790432,79.900009,0.2,6.26,0.19999999999999996
112114,2022-08-05 17:56:34,0.7905,79.800003,0.2,6.26,0.19999999999999996
112115,2022-08-05 17:56:35,0.790554,79.900009,0.2,6.26,0.19999999999999996
112116,2022-08-05 17:56:36,0.790693,80.0,0.2,6.26,0.19999999999999996
112117,2022-08-05 17:56:37,0.790815,80.0,0.2,6.26,0.19999999999999996
112118,2022-08-05 17:56:38,0.790457,80.0,0.2,6.26,0.19999999999999996
112119,2022-08-05 17:56:39,0.790642,80.0,0.2,6.26,0.19999999999999996
112120,2022-08-05 17:56:40,0.790501,80.0,0.2,6.27,0.19999999999999996
112121,2022-08-05 17:56:41,0.790432,80.0,0.2,6.27,0.19999999999999996
112122,2022-08-05 17:56:42,0.695207,80.0,0.2,6.27,0.19999999999999996
112123,2022-08-05 17:56:43,0.790318,80.0,0.2,6.27,0.19999999999999996
112124,2022-08-05 17:56:44,0.790546,80.0,0.2,6.27,0.6111291818568282
112148,2022-08-05 17:57:06,0.816023,80.400002,0.15,6.29,0.15000000000000002
112149,2022-08-05 17:57:07,0.815953,80.400002,0.15,6.29,0.15000000000000002
112150,2022-08-05 17:57:08,0.815917,80.400002,0.15,6.29,0.15000000000000002
112151,2022-08-05 17:57:09,0.815647,80.400002,0.15,6.29,0.15000000000000002
112152,2022-08-05 17:57:10,0.815517,80.414444,0.15,6.43,0.15000000000000002
112153,2022-08-05 17:57:11,0.815361,80.5,0.15,6.43,0.15000000000000002
112154,2022-08-05 17:57:12,0.715782,80.5,0.15,6.43,0.15000000000000002
112155,2022-08-05 17:57:13,0.815247,80.5,0.15,6.43,0.15000000000000002
112156,2022-08-05 17:57:14,0.815169,80.5,0.15,6.43,0.15000000000000002
112157,2022-08-05 17:57:15,0.815082,80.5,0.15,6.43,0.15000000000000002
112158,2022-08-05 17:57:16,0.814855,80.585556,0.15,6.43,0.15000000000000002
112159,2022-08-05 17:57:17,0.815011,80.599998,0.15,6.43,0.15000000000000002
112160,2022-08-05 17:57:18,0.814881,80.599998,0.15,6.43,0.15000000000000002
112161,2022-08-05 17:57:19,0.814854,80.599998,0.15,6.43,0.15000000000000002
112162,2022-08-05 17:57:20,0.814785,80.599998,0.15,6.49,0.15000000000000002
112163,2022-08-05 17:57:21,0.814715,80.599998,0.15,6.49,0.15000000000000002
112164,2022-08-05 17:57:22,0.707481,80.699997,0.15,6.49,0.15000000000000002
112165,2022-08-05 17:57:23,0.814559,80.599998,0.15,6.49,0.15000000000000002
112166,2022-08-05 17:57:24,0.814741,80.699997,0.15,6.49,0.15000000000000002
112167,2022-08-05 17:57:25,0.814541,80.699997,0.15,6.49,0.15000000000000002
112168,2022-08-05 17:57:26,0.814349,80.699997,0.15,6.49,0.15000000000000002
112169,2022-08-05 17:57:27,0.814383,80.699997,0.15,6.49,0.15000000000000002
112170,2022-08-05 17:57:28,0.814402,80.800003,0.15,6.49,0.15000000000000002
112171,2022-08-05 17:57:29,0.81427,80.699997,0.15,6.49,0.15000000000000002
112172,2022-08-05 17:57:30,0.814053,80.785561,0.15,6.5,0.15000000000000002
112173,2022-08-05 17:57:31,0.814089,80.800003,0.15,6.5,0.15000000000000002
112174,2022-08-05 17:57:32,0.714655,80.800003,0.15,6.5,0.15000000000000002
112175,2022-08-05 17:57:33,0.813982,80.800003,0.15,6.5,0.15000000000000002
112176,2022-08-05 17:57:34,0.814069,80.800003,0.15,6.5,0.15000000000000002
112177,2022-08-05 17:57:35,0.813966,80.800003,0.15,6.5,0.15000000000000002
112178,2022-08-05 17:57:36,0.813913,80.800003,0.15,6.5,0.15000000000000002
112179,2022-08-05 17:57:37,0.8138,80.900002,0.15,6.5,0.15000000000000002
112180,2022-08-05 17:57:38,0.813783,80.900002,0.15,6.5,0.15000000000000002
112181,2022-08-05 17:57:39,0.813757,80.938011,0.15,6.5,0.15000000000000002
112182,2022-08-05 17:57:40,0.813826,81.0,0.15,6.52,0.15000000000000002
112183,2022-08-05 17:57:41,0.813799,81.0,0.15,6.52,0.15000000000000002
112184,2022-08-05 17:57:42,0.725913,81.0,0.15,6.52,0.15000000000000002
112185,2022-08-05 17:57:43,0.813643,81.0,0.15,6.52,0.15000000000000002
112186,2022-08-05 17:57:44,0.813686,81.0,0.15,6.52,0.15000000000000002
112187,2022-08-05 17:57:45,0.81366,81.099998,0.15,6.52,0.15000000000000002
112188,2022-08-05 17:57:46,0.813547,81.0,0.15,6.52,0.15000000000000002
112189,2022-08-05 17:57:47,0.81346,81.01445,0.15,6.52,0.15000000000000002
112190,2022-08-05 17:57:48,0.813573,81.099998,0.15,6.52,0.15000000000000002
112191,2022-08-05 17:57:50,0.813416,81.099998,0.15,6.52,0.15000000000000002
112192,2022-08-05 17:57:51,0.813599,81.099998,0.15,6.52,0.15000000000000002
112193,2022-08-05 17:57:52,0.813573,81.099998,0.15,6.54,0.15000000000000002
112194,2022-08-05 17:57:53,0.813503,81.099998,0.15,6.54,0.15000000000000002
112195,2022-08-05 17:57:54,0.813443,81.199997,0.15,6.54,0.15000000000000002
112196,2022-08-05 17:57:55,0.813407,81.199997,0.15,6.54,0.15000000000000002
112197,2022-08-05 17:57:56,0.813347,81.138008,0.15,6.54,0.15000000000000002
112198,2022-08-05 17:57:57,0.81325,81.199997,0.15,6.54,0.15000000000000002
112199,2022-08-05 17:57:58,0.813363,81.199997,0.15,6.54,0.15000000000000002
112200,2022-08-05 17:57:59,0.813363,81.199997,0.15,6.54,0.15000000000000002
112201,2022-08-05 17:58:00,0.813241,81.300003,0.15,6.54,0.15000000000000002
112202,2022-08-05 17:58:01,0.813277,81.300003,0.15,6.54,0.15000000000000002
112203,2022-08-05 17:58:02,0.81339,81.300003,0.15,6.54,0.15000000000000002
112204,2022-08-05 17:58:03,0.781008,81.300003,0.15,6.54,0.15000000000000002
112205,2022-08-05 17:58:04,0.813233,81.300003,0.15,6.54,0.6111291818568282
112228,2022-08-05 17:58:25,0.843096,81.600006,0.1,6.58,0.09999999999999996
112229,2022-08-05 17:58:25,0.842957,81.600006,0.1,6.58,0.09999999999999996
112230,2022-08-05 17:58:26,0.842784,81.600006,0.1,6.58,0.09999999999999996
112231,2022-08-05 17:58:27,0.842661,81.785561,0.1,6.58,0.09999999999999996
112232,2022-08-05 17:58:28,0.84267,81.699997,0.1,6.58,0.09999999999999996
112233,2022-08-05 17:58:29,0.842504,81.699997,0.1,6.58,0.09999999999999996
112234,2022-08-05 17:58:30,0.842224,81.738007,0.1,6.8,0.09999999999999996
112235,2022-08-05 17:58:31,0.842095,81.800003,0.1,6.8,0.09999999999999996
112236,2022-08-05 17:58:32,0.841413,81.800003,0.1,6.8,0.09999999999999996
112237,2022-08-05 17:58:34,0.841971,81.800003,0.1,6.8,0.09999999999999996
112238,2022-08-05 17:58:35,0.841729,81.800003,0.1,6.8,0.09999999999999996
112239,2022-08-05 17:58:36,0.841772,81.800003,0.1,6.8,0.09999999999999996
112240,2022-08-05 17:58:37,0.841632,81.862,0.1,6.8,0.09999999999999996
112241,2022-08-05 17:58:38,0.841476,81.800003,0.1,6.8,0.09999999999999996
112242,2022-08-05 17:58:39,0.841588,82.0,0.1,6.8,0.09999999999999996
112243,2022-08-05 17:58:40,0.841475,81.900009,0.1,6.8,0.09999999999999996
112244,2022-08-05 17:58:41,0.841336,81.900009,0.1,6.86,0.09999999999999996
112245,2022-08-05 17:58:42,0.841265,82.0,0.1,6.86,0.09999999999999996
112246,2022-08-05 17:58:43,0.840943,82.0,0.1,6.86,0.09999999999999996
112247,2022-08-05 17:58:44,0.841082,82.0,0.1,6.86,0.09999999999999996
112248,2022-08-05 17:58:45,0.841092,82.0,0.1,6.86,0.09999999999999996
112249,2022-08-05 17:58:46,0.84103,82.0,0.1,6.86,0.09999999999999996
112250,2022-08-05 17:58:47,0.840953,82.0,0.1,6.86,0.09999999999999996
112251,2022-08-05 17:58:48,0.840907,82.099998,0.1,6.86,0.09999999999999996
112252,2022-08-05 17:58:49,0.840761,82.0,0.1,6.86,0.09999999999999996
112253,2022-08-05 17:58:50,0.840647,82.099998,0.1,6.86,0.09999999999999996
112254,2022-08-05 17:58:51,0.840675,82.099998,0.1,6.89,0.09999999999999996
112255,2022-08-05 17:58:52,0.840533,82.099998,0.1,6.89,0.09999999999999996
112256,2022-08-05 17:58:53,0.840351,82.099998,0.1,6.89,0.09999999999999996
112257,2022-08-05 17:58:54,0.84042,82.099998,0.1,6.89,0.09999999999999996
112258,2022-08-05 17:58:55,0.84042,82.099998,0.1,6.89,0.09999999999999996
112259,2022-08-05 17:58:56,0.840236,82.099998,0.1,6.89,0.09999999999999996
112260,2022-08-05 17:58:57,0.840264,82.199997,0.1,6.89,0.09999999999999996
112261,2022-08-05 17:58:58,0.840193,82.185555,0.1,6.89,0.09999999999999996
112262,2022-08-05 17:58:59,0.84028,82.199997,0.1,6.89,0.09999999999999996
112263,2022-08-05 17:59:00,0.840097,82.099998,0.1,6.89,0.09999999999999996
112264,2022-08-05 17:59:01,0.84021,82.199997,0.1,6.92,0.09999999999999996
112265,2022-08-05 17:59:02,0.83964,82.300003,0.1,6.92,0.09999999999999996
112266,2022-08-05 17:59:03,0.84001,82.300003,0.1,6.92,0.09999999999999996
112267,2022-08-05 17:59:04,0.839913,82.300003,0.1,6.92,0.09999999999999996
112268,2022-08-05 17:59:05,0.839941,82.300003,0.1,6.92,0.09999999999999996
112269,2022-08-05 17:59:06,0.839871,82.300003,0.1,6.92,0.09999999999999996
112270,2022-08-05 17:59:07,0.839897,82.300003,0.1,6.92,0.09999999999999996
112271,2022-08-05 17:59:08,0.839801,82.300003,0.1,6.92,0.09999999999999996
112272,2022-08-05 17:59:09,0.839801,82.400002,0.1,6.92,0.09999999999999996
112273,2022-08-05 17:59:10,0.839671,82.400002,0.1,6.94,0.09999999999999996
112274,2022-08-05 17:59:11,0.839715,82.414444,0.1,6.94,0.09999999999999996
112275,2022-08-05 17:59:12,0.839295,82.5,0.1,6.94,0.09999999999999996
112276,2022-08-05 17:59:13,0.839408,82.5,0.1,6.94,0.09999999999999996
112277,2022-08-05 17:59:14,0.839496,82.5,0.1,6.94,0.09999999999999996
112278,2022-08-05 17:59:15,0.839347,82.5,0.1,6.94,0.09999999999999996
112279,2022-08-05 17:59:16,0.839486,82.5,0.1,6.94,0.09999999999999996
112280,2022-08-05 17:59:17,0.839381,82.5,0.1,6.94,0.09999999999999996
112281,2022-08-05 17:59:19,0.839251,82.5,0.1,6.94,0.09999999999999996
112282,2022-08-05 17:59:20,0.839208,82.599998,0.1,6.97,0.09999999999999996
112283,2022-08-05 17:59:21,0.839191,82.599998,0.1,6.97,0.09999999999999996
112284,2022-08-05 17:59:22,0.815962,82.599998,0.1,6.97,0.09999999999999996
112285,2022-08-05 17:59:23,0.839121,82.599998,0.1,6.97,0.09999999999999996
112286,2022-08-05 17:59:24,0.839164,82.599998,0.1,6.97,0.09999999999999996
112287,2022-08-05 17:59:25,0.839095,82.599998,0.1,6.97,0.09999999999999996
112288,2022-08-05 17:59:25,0.839095,82.599998,0.1,6.97,0.6111291818568282
112314,2022-08-05 17:59:47,0.87821,83.03801,0.05,7.03,0.04999999999999999
112315,2022-08-05 17:59:48,0.878027,83.000008,0.05,7.03,0.04999999999999999
112316,2022-08-05 17:59:49,0.877984,83.000008,0.05,7.03,0.04999999999999999
112317,2022-08-05 17:59:50,0.8778,83.099998,0.05,7.29,0.04999999999999999
112318,2022-08-05 17:59:51,0.877644,83.099998,0.05,7.29,0.04999999999999999
112319,2022-08-05 17:59:52,0.849005,83.099998,0.05,7.29,0.04999999999999999
112320,2022-08-05 17:59:53,0.877522,83.099998,0.05,7.29,0.04999999999999999
112321,2022-08-05 17:59:54,0.877276,83.099998,0.05,7.29,0.04999999999999999
112322,2022-08-05 17:59:55,0.877208,83.099998,0.05,7.29,0.04999999999999999
112323,2022-08-05 17:59:56,0.877043,83.199997,0.05,7.29,0.04999999999999999
112324,2022-08-05 17:59:57,0.876902,83.099998,0.05,7.29,0.04999999999999999
112325,2022-08-05 17:59:58,0.876816,83.099998,0.05,7.29,0.04999999999999999
112326,2022-08-05 17:59:59,0.876745,83.199997,0.05,7.29,0.04999999999999999
112327,2022-08-05 18:00:00,0.876562,83.199997,0.05,7.39,0.04999999999999999
112328,2022-08-05 18:00:01,0.876519,83.199997,0.05,7.39,0.04999999999999999
112329,2022-08-05 18:00:03,0.845227,83.199997,0.05,7.39,0.04999999999999999
112330,2022-08-05 18:00:04,0.876379,83.199997,0.05,7.39,0.04999999999999999
112331,2022-08-05 18:00:05,0.876266,83.300011,0.05,7.39,0.04999999999999999
112332,2022-08-05 18:00:06,0.876266,83.300011,0.05,7.39,0.04999999999999999
112333,2022-08-05 18:00:07,0.876099,83.300011,0.05,7.39,0.04999999999999999
112334,2022-08-05 18:00:08,0.876099,83.300011,0.05,7.39,0.04999999999999999
112335,2022-08-05 18:00:09,0.87595,83.338013,0.05,7.39,0.04999999999999999
112336,2022-08-05 18:00:10,0.875786,83.300011,0.05,7.43,0.04999999999999999
112337,2022-08-05 18:00:11,0.875647,83.338013,0.05,7.43,0.04999999999999999
112338,2022-08-05 18:00:12,0.842766,83.400002,0.05,7.43,0.04999999999999999
112339,2022-08-05 18:00:13,0.875577,83.400002,0.05,7.43,0.04999999999999999
112340,2022-08-05 18:00:14,0.875464,83.400002,0.05,7.43,0.04999999999999999
112341,2022-08-05 18:00:15,0.875464,83.414444,0.05,7.43,0.04999999999999999
112342,2022-08-05 18:00:16,0.875368,83.400002,0.05,7.43,0.04999999999999999
112343,2022-08-05 18:00:17,0.875324,83.5,0.05,7.43,0.04999999999999999
112344,2022-08-05 18:00:18,0.875228,83.5,0.05,7.43,0.04999999999999999
112345,2022-08-05 18:00:19,0.875124,83.5,0.05,7.43,0.04999999999999999
112346,2022-08-05 18:00:20,0.875098,83.5,0.05,7.47,0.04999999999999999
112347,2022-08-05 18:00:21,0.875097,83.5,0.05,7.47,0.04999999999999999
112348,2022-08-05 18:00:22,0.841226,83.5,0.05,7.47,0.04999999999999999
112349,2022-08-05 18:00:23,0.875054,83.599998,0.05,7.47,0.04999999999999999
112350,2022-08-05 18:00:24,0.874888,83.5,0.05,7.47,0.04999999999999999
112351,2022-08-05 18:00:25,0.874941,83.599998,0.05,7.47,0.04999999999999999
112352,2022-08-05 18:00:26,0.874818,83.599998,0.05,7.47,0.04999999999999999
112353,2022-08-05 18:00:27,0.874801,83.599998,0.05,7.47,0.04999999999999999
112354,2022-08-05 18:00:28,0.874801,83.599998,0.05,7.47,0.04999999999999999
112355,2022-08-05 18:00:29,0.874705,83.599998,0.05,7.47,0.04999999999999999
112356,2022-08-05 18:00:30,0.874687,83.699997,0.05,7.51,0.04999999999999999
112357,2022-08-05 18:00:31,0.874662,83.699997,0.05,7.51,0.04999999999999999
112358,2022-08-05 18:00:32,0.847686,83.599998,0.05,7.51,0.04999999999999999
112359,2022-08-05 18:00:33,0.874487,83.599998,0.05,7.51,0.04999999999999999
112360,2022-08-05 18:00:34,0.874321,83.699997,0.05,7.51,0.04999999999999999
112361,2022-08-05 18:00:35,0.874407,83.699997,0.05,7.51,0.04999999999999999
112362,2022-08-05 18:00:36,0.874323,83.699997,0.05,7.51,0.04999999999999999
112363,2022-08-05 18:00:37,0.874243,83.699997,0.05,7.51,0.04999999999999999
112364,2022-08-05 18:00:38,0.874321,83.800003,0.05,7.51,0.04999999999999999
112365,2022-08-05 18:00:39,0.874225,83.785561,0.05,7.51,0.04999999999999999
112366,2022-08-05 18:00:40,0.874321,83.785561,0.05,7.53,0.04999999999999999
112367,2022-08-05 18:00:41,0.874069,83.800003,0.05,7.53,0.04999999999999999
112368,2022-08-05 18:00:42,0.846005,83.800003,0.05,7.53,0.04999999999999999
112369,2022-08-05 18:00:43,0.873912,83.800003,0.05,7.53,0.04999999999999999
112370,2022-08-05 18:00:44,0.873912,83.800003,0.05,7.53,0.04999999999999999
112371,2022-08-05 18:00:45,0.873903,83.800003,0.05,7.53,0.04999999999999999
112372,2022-08-05 18:00:46,0.87386,83.800003,0.05,7.53,0.04999999999999999
112373,2022-08-05 18:00:47,0.873842,83.800003,0.05,7.53,0.6111291818568282
112396,2022-08-05 18:01:08,0.911493,84.100006,0.02,7.58,0.020000000000000004
112397,2022-08-05 18:01:09,0.9111,84.100006,0.02,7.58,0.020000000000000004
112398,2022-08-05 18:01:10,0.91103,84.100006,0.02,7.78,0.020000000000000004
112399,2022-08-05 18:01:11,0.910744,84.100006,0.02,7.78,0.020000000000000004
112400,2022-08-05 18:01:12,0.91008,84.100006,0.02,7.78,0.020000000000000004
112401,2022-08-05 18:01:13,0.910411,84.100006,0.02,7.78,0.020000000000000004
112402,2022-08-05 18:01:14,0.91027,84.100006,0.02,7.78,0.020000000000000004
112403,2022-08-05 18:01:15,0.910071,84.100006,0.02,7.78,0.020000000000000004
112404,2022-08-05 18:01:16,0.910071,84.138016,0.02,7.78,0.020000000000000004
112405,2022-08-05 18:01:17,0.909941,84.199997,0.02,7.78,0.020000000000000004
112406,2022-08-05 18:01:18,0.909793,84.114449,0.02,7.78,0.020000000000000004
112407,2022-08-05 18:01:19,0.90973,84.199997,0.02,7.78,0.020000000000000004
112408,2022-08-05 18:01:20,0.909634,84.199997,0.02,7.87,0.020000000000000004
112409,2022-08-05 18:01:21,0.909575,84.199997,0.02,7.87,0.020000000000000004
112410,2022-08-05 18:01:22,0.909339,84.300003,0.02,7.87,0.020000000000000004
112411,2022-08-05 18:01:23,0.909452,84.199997,0.02,7.87,0.020000000000000004
112412,2022-08-05 18:01:24,0.909166,84.238007,0.02,7.87,0.020000000000000004
112413,2022-08-05 18:01:25,0.909034,84.300003,0.02,7.87,0.020000000000000004
112414,2022-08-05 18:01:26,0.908939,84.300003,0.02,7.87,0.020000000000000004
112415,2022-08-05 18:01:27,0.908832,84.300003,0.02,7.87,0.020000000000000004
112416,2022-08-05 18:01:28,0.908789,84.300003,0.02,7.87,0.020000000000000004
112417,2022-08-05 18:01:29,0.908677,84.300003,0.02,7.87,0.020000000000000004
112418,2022-08-05 18:01:30,0.90858,84.300003,0.02,7.92,0.020000000000000004
112419,2022-08-05 18:01:32,0.908537,84.300003,0.02,7.92,0.020000000000000004
112420,2022-08-05 18:01:33,0.908327,84.300003,0.02,7.92,0.020000000000000004
112421,2022-08-05 18:01:34,0.908379,84.300003,0.02,7.92,0.020000000000000004
112422,2022-08-05 18:01:35,0.90844,84.300003,0.02,7.92,0.020000000000000004
112423,2022-08-05 18:01:36,0.908283,84.300003,0.02,7.92,0.020000000000000004
112424,2022-08-05 18:01:37,0.908143,84.300003,0.02,7.92,0.020000000000000004
112425,2022-08-05 18:01:38,0.908083,84.300003,0.02,7.92,0.020000000000000004
112426,2022-08-05 18:01:39,0.907918,84.300003,0.02,7.92,0.020000000000000004
112427,2022-08-05 18:01:40,0.907918,84.300003,0.02,7.92,0.020000000000000004
112428,2022-08-05 18:01:41,0.907787,84.300003,0.02,7.95,0.020000000000000004
112429,2022-08-05 18:01:42,0.907796,84.300003,0.02,7.95,0.020000000000000004
112430,2022-08-05 18:01:43,0.907594,84.300003,0.02,7.95,0.020000000000000004
112431,2022-08-05 18:01:44,0.907621,84.300003,0.02,7.95,0.020000000000000004
112432,2022-08-05 18:01:45,0.907508,84.300003,0.02,7.95,0.020000000000000004
112433,2022-08-05 18:01:46,0.907421,84.314445,0.02,7.95,0.020000000000000004
112434,2022-08-05 18:01:47,0.907438,84.400009,0.02,7.95,0.020000000000000004
112435,2022-08-05 18:01:48,0.907351,84.300003,0.02,7.95,0.020000000000000004
112436,2022-08-05 18:01:49,0.907256,84.300003,0.02,7.95,0.020000000000000004
112437,2022-08-05 18:01:50,0.907368,84.300003,0.02,7.95,0.020000000000000004
112438,2022-08-05 18:01:51,0.907271,84.400009,0.02,7.96,0.020000000000000004
112439,2022-08-05 18:01:52,0.907159,84.400009,0.02,7.96,0.020000000000000004
112440,2022-08-05 18:01:53,0.907098,84.400009,0.02,7.96,0.020000000000000004
112441,2022-08-05 18:01:54,0.907029,84.400009,0.02,7.96,0.020000000000000004
112442,2022-08-05 18:01:55,0.907055,84.400009,0.02,7.96,0.020000000000000004
112443,2022-08-05 18:01:56,0.907019,84.400009,0.02,7.96,0.020000000000000004
112444,2022-08-05 18:01:57,0.907028,84.400009,0.02,7.96,0.020000000000000004
112445,2022-08-05 18:01:58,0.906898,84.5,0.02,7.96,0.020000000000000004
112446,2022-08-05 18:01:59,0.906871,84.400009,0.02,7.96,0.020000000000000004
112447,2022-08-05 18:02:00,0.906906,84.438011,0.02,7.96,0.020000000000000004
112448,2022-08-05 18:02:01,0.906845,84.400009,0.02,7.99,0.020000000000000004
112449,2022-08-05 18:02:02,0.906706,84.5,0.02,7.99,0.020000000000000004
112450,2022-08-05 18:02:03,0.906775,84.400009,0.02,7.99,0.020000000000000004
112451,2022-08-05 18:02:04,0.906705,84.5,0.02,7.99,0.020000000000000004
112452,2022-08-05 18:02:05,0.906635,84.5,0.02,7.99,0.020000000000000004
112453,2022-08-05 18:02:06,0.906706,84.5,0.02,7.99,0.020000000000000004
112454,2022-08-05 18:02:07,0.906549,84.5,0.02,7.99,0.6111291818568282
